1 7.2426  
2 7.9276  
3 8.1463  
4 8.2537  
5 8.3175  
6 8.3598  
7 8.3898  
8 8.4123  
9 8.4298  
10 8.4437  
11 8.4551  
12 8.4645  
13 8.4725  
14 8.4794  
15 8.4853  
16 8.4905  
17 8.4951  
18 8.4992  
19 8.5028  
20 8.5061  
21 8.5090  
22 8.5117  
23 8.5142  
24 8.5164  
25 8.5185  
26 8.5204  
27 8.5221  
28 8.5238  
29 8.5253  
30 8.5267  
31 8.5281  
32 8.5293  
33 8.5305  
34 8.5316  
35 8.5326  
36 8.5336  
37 8.5346  
38 8.5354  
39 8.5363  
40 8.5371  
41 8.5378  
42 8.5385  
43 8.5392  
44 8.5399  
45 8.5405  
46 8.5411  
47 8.5417  
48 8.5422  
49 8.5427  
50 8.5432  
51 8.5437  
52 8.5442  
53 8.5446  
54 8.5451  
55 8.5455  
56 8.5459  
57 8.5463  
58 8.5467  
59 8.5470  
60 8.5474  
61 8.5477  
62 8.5480  
63 8.5483  
64 8.5487  
65 8.5490  
66 8.5492  
67 8.5495  
68 8.5498  
69 8.5501  
70 8.5503  
71 8.5506  
72 8.5508  
73 8.5510  
74 8.5513  
75 8.5515  
76 8.5517  
77 8.5519  
78 8.5521  
79 8.5523  
80 8.5525  
81 8.5527  
82 8.5529  
83 8.5531  
84 8.5533  
85 8.5534  
86 8.5536  
87 8.5538  
88 8.5539  
89 8.5541  
90 8.5542  
91 8.5544  
92 8.5545  
93 8.5547  
94 8.5548  
95 8.5550  
96 8.5551  
97 8.5552  
98 8.5554  
99 8.5555  
100 8.5556  
101 8.5557  
102 8.5558  
103 8.5560  
104 8.5561  
105 8.5562  
106 8.5563  
107 8.5564  
108 8.5565  
109 8.5566  
110 8.5567  
111 8.5568  
112 8.5569  
113 8.5570  
114 8.5571  
115 8.5572  
116 8.5573  
117 8.5574  
118 8.5575  
119 8.5576  
120 8.5577  
121 8.5577  
122 8.5578  
123 8.5579  
124 8.5580  
125 8.5581  
126 8.5582  
127 8.5582  
128 8.5583  
129 8.5584  
130 8.5585  
131 8.5585  
132 8.5586  
133 8.5587  
134 8.5587  
135 8.5588  
136 8.5589  
137 8.5589  
138 8.5590  
139 8.5591  
140 8.5591  
141 8.5592  
142 8.5593  
143 8.5593  
144 8.5594  
145 8.5594  
146 8.5595  
147 8.5596  
148 8.5596  
149 8.5597  
150 8.5597  
151 8.5598  
152 8.5598  
153 8.5599  
154 8.5599  
155 8.5600  
156 8.5600  
157 8.5601  
158 8.5601  
159 8.5602  
160 8.5602  
161 8.5603  
162 8.5603  
163 8.5604  
164 8.5604  
165 8.5605  
166 8.5605  
167 8.5606  
168 8.5606  
169 8.5606  
170 8.5607  
171 8.5607  
172 8.5608  
173 8.5608  
174 8.5609  
175 8.5609  
176 8.5609  
177 8.5610  
178 8.5610  
179 8.5611  
180 8.5611  
181 8.5611  
182 8.5612  
183 8.5612  
184 8.5612  
185 8.5613  
186 8.5613  
187 8.5613  
188 8.5614  
189 8.5614  
190 8.5615  
191 8.5615  
192 8.5615  
193 8.5616  
194 8.5616  
195 8.5616  
196 8.5616  
197 8.5617  
198 8.5617  
199 8.5617  
200 8.5618  
201 8.5618  
202 8.5618  
203 8.5619  
204 8.5619  
205 8.5619  
206 8.5620  
207 8.5620  
208 8.5620  
209 8.5620  
210 8.5621  
211 8.5621  
212 8.5621  
213 8.5622  
214 8.5622  
215 8.5622  
216 8.5622  
217 8.5623  
218 8.5623  
219 8.5623  
220 8.5623  
221 8.5624  
222 8.5624  
223 8.5624  
224 8.5624  
225 8.5625  
226 8.5625  
227 8.5625  
228 8.5625  
229 8.5626  
230 8.5626  
231 8.5626  
232 8.5626  
233 8.5626  
234 8.5627  
235 8.5627  
236 8.5627  
237 8.5627  
238 8.5628  
239 8.5628  
240 8.5628  
241 8.5628  
242 8.5628  
243 8.5629  
244 8.5629  
245 8.5629  
246 8.5629  
247 8.5629  
248 8.5630  
249 8.5630  
250 8.5630  
251 8.5630  
252 8.5630  
253 8.5631  
254 8.5631  
255 8.5631  
256 8.5631  
257 8.5631  
258 8.5632  
259 8.5632  
260 8.5632  
261 8.5632  
262 8.5632  
263 8.5633  
264 8.5633  
265 8.5633  
266 8.5633  
267 8.5633  
268 8.5633  
269 8.5634  
270 8.5634  
271 8.5634  
272 8.5634  
273 8.5634  
274 8.5634  
275 8.5635  
276 8.5635  
277 8.5635  
278 8.5635  
279 8.5635  
280 8.5635  
281 8.5636  
282 8.5636  
283 8.5636  
284 8.5636  
285 8.5636  
286 8.5636  
287 8.5636  
288 8.5637  
289 8.5637  
290 8.5637  
291 8.5637  
292 8.5637  
293 8.5637  
294 8.5637  
295 8.5638  
296 8.5638  
297 8.5638  
298 8.5638  
299 8.5638  
300 8.5638  
301 8.5638  
302 8.5639  
303 8.5639  
304 8.5639  
305 8.5639  
306 8.5639  
307 8.5639  
308 8.5639  
309 8.5640  
310 8.5640  
311 8.5640  
312 8.5640  
313 8.5640  
314 8.5640  
315 8.5640  
316 8.5640  
317 8.5641  
318 8.5641  
319 8.5641  
320 8.5641  
321 8.5641  
322 8.5641  
323 8.5641  
324 8.5641  
325 8.5641  
326 8.5642  
327 8.5642  
328 8.5642  
329 8.5642  
330 8.5642  
331 8.5642  
332 8.5642  
333 8.5642  
334 8.5643  
335 8.5643  
336 8.5643  
337 8.5643  
338 8.5643  
339 8.5643  
340 8.5643  
341 8.5643  
342 8.5643  
343 8.5643  
344 8.5644  
345 8.5644  
346 8.5644  
347 8.5644  
348 8.5644  
349 8.5644  
350 8.5644  
351 8.5644  
352 8.5644  
353 8.5644  
354 8.5645  
355 8.5645  
356 8.5645  
357 8.5645  
358 8.5645  
359 8.5645  
360 8.5645  
361 8.5645  
362 8.5645  
363 8.5645  
364 8.5646  
365 8.5646  
366 8.5646  
367 8.5646  
368 8.5646  
369 8.5646  
370 8.5646  
371 8.5646  
372 8.5646  
373 8.5646  
374 8.5646  
375 8.5647  
376 8.5647  
377 8.5647  
378 8.5647  
379 8.5647  
380 8.5647  
381 8.5647  
382 8.5647  
383 8.5647  
384 8.5647  
385 8.5647  
386 8.5647  
387 8.5648  
388 8.5648  
389 8.5648  
390 8.5648  
391 8.5648  
392 8.5648  
393 8.5648  
394 8.5648  
395 8.5648  
396 8.5648  
397 8.5648  
398 8.5648  
399 8.5649  
400 8.5649  
401 8.5649  
402 8.5649  
403 8.5649  
404 8.5649  
405 8.5649  
406 8.5649  
407 8.5649  
408 8.5649  
409 8.5649  
410 8.5649  
411 8.5649  
412 8.5649  
413 8.5650  
414 8.5650  
415 8.5650  
416 8.5650  
417 8.5650  
418 8.5650  
419 8.5650  
420 8.5650  
421 8.5650  
422 8.5650  
423 8.5650  
424 8.5650  
425 8.5650  
426 8.5650  
427 8.5651  
428 8.5651  
429 8.5651  
430 8.5651  
431 8.5651  
432 8.5651  
433 8.5651  
434 8.5651  
435 8.5651  
436 8.5651  
437 8.5651  
438 8.5651  
439 8.5651  
440 8.5651  
441 8.5651  
442 8.5652  
443 8.5652  
444 8.5652  
445 8.5652  
446 8.5652  
447 8.5652  
448 8.5652  
449 8.5652  
450 8.5652  
451 8.5652  
452 8.5652  
453 8.5652  
454 8.5652  
455 8.5652  
456 8.5652  
457 8.5652  
458 8.5652  
459 8.5653  
460 8.5653  
461 8.5653  
462 8.5653  
463 8.5653  
464 8.5653  
465 8.5653  
466 8.5653  
467 8.5653  
468 8.5653  
469 8.5653  
470 8.5653  
471 8.5653  
472 8.5653  
473 8.5653  
474 8.5653  
475 8.5653  
476 8.5654  
477 8.5654  
478 8.5654  
479 8.5654  
480 8.5654  
481 8.5654  
482 8.5654  
483 8.5654  
484 8.5654  
485 8.5654  
486 8.5654  
487 8.5654  
488 8.5654  
489 8.5654  
490 8.5654  
491 8.5654  
492 8.5654  
493 8.5654  
494 8.5654  
495 8.5655  
496 8.5655  
497 8.5655  
498 8.5655  
499 8.5655  
500 8.5655  
501 8.5655  
502 8.5655  
503 8.5655  
504 8.5655  
505 8.5655  
506 8.5655  
507 8.5655  
508 8.5655  
509 8.5655  
510 8.5655  
511 8.5655  
512 8.5655  
513 8.5655  
514 8.5655  
515 8.5655  
516 8.5656  
517 8.5656  
518 8.5656  
519 8.5656  
520 8.5656  
521 8.5656  
522 8.5656  
523 8.5656  
524 8.5656  
525 8.5656  
526 8.5656  
527 8.5656  
528 8.5656  
529 8.5656  
530 8.5656  
531 8.5656  
532 8.5656  
533 8.5656  
534 8.5656  
535 8.5656  
536 8.5656  
537 8.5656  
538 8.5657  
539 8.5657  
540 8.5657  
541 8.5657  
542 8.5657  
543 8.5657  
544 8.5657  
545 8.5657  
546 8.5657  
547 8.5657  
548 8.5657  
549 8.5657  
550 8.5657  
551 8.5657  
552 8.5657  
553 8.5657  
554 8.5657  
555 8.5657  
556 8.5657  
557 8.5657  
558 8.5657  
559 8.5657  
560 8.5657  
561 8.5657  
562 8.5657  
563 8.5658  
564 8.5658  
565 8.5658  
566 8.5658  
567 8.5658  
568 8.5658  
569 8.5658  
570 8.5658  
571 8.5658  
572 8.5658  
573 8.5658  
574 8.5658  
575 8.5658  
576 8.5658  
577 8.5658  
578 8.5658  
579 8.5658  
580 8.5658  
581 8.5658  
582 8.5658  
583 8.5658  
584 8.5658  
585 8.5658  
586 8.5658  
587 8.5658  
588 8.5658  
589 8.5658  
590 8.5659  
591 8.5659  
592 8.5659  
593 8.5659  
594 8.5659  
595 8.5659  
596 8.5659  
597 8.5659  
598 8.5659  
599 8.5659  
600 8.5659  
601 8.5659  
602 8.5659  
603 8.5659  
604 8.5659  
605 8.5659  
606 8.5659  
607 8.5659  
608 8.5659  
609 8.5659  
610 8.5659  
611 8.5659  
612 8.5659  
613 8.5659  
614 8.5659  
615 8.5659  
616 8.5659  
617 8.5659  
618 8.5659  
619 8.5660  
620 8.5660  
621 8.5660  
622 8.5660  
623 8.5660  
624 8.5660  
625 8.5660  
626 8.5660  
627 8.5660  
628 8.5660  
629 8.5660  
630 8.5660  
631 8.5660  
632 8.5660  
633 8.5660  
634 8.5660  
635 8.5660  
636 8.5660  
637 8.5660  
638 8.5660  
639 8.5660  
640 8.5660  
641 8.5660  
642 8.5660  
643 8.5660  
644 8.5660  
645 8.5660  
646 8.5660  
647 8.5660  
648 8.5660  
649 8.5660  
650 8.5660  
651 8.5660  
652 8.5661  
653 8.5661  
654 8.5661  
655 8.5661  
656 8.5661  
657 8.5661  
658 8.5661  
659 8.5661  
660 8.5661  
661 8.5661  
662 8.5661  
663 8.5661  
664 8.5661  
665 8.5661  
666 8.5661  
667 8.5661  
668 8.5661  
669 8.5661  
670 8.5661  
671 8.5661  
672 8.5661  
673 8.5661  
674 8.5661  
675 8.5661  
676 8.5661  
677 8.5661  
678 8.5661  
679 8.5661  
680 8.5661  
681 8.5661  
682 8.5661  
683 8.5661  
684 8.5661  
685 8.5661  
686 8.5661  
687 8.5661  
688 8.5661  
689 8.5662  
690 8.5662  
691 8.5662  
692 8.5662  
693 8.5662  
694 8.5662  
695 8.5662  
696 8.5662  
697 8.5662  
698 8.5662  
699 8.5662  
700 8.5662  
701 8.5662  
702 8.5662  
703 8.5662  
704 8.5662  
705 8.5662  
706 8.5662  
707 8.5662  
708 8.5662  
709 8.5662  
710 8.5662  
711 8.5662  
712 8.5662  
713 8.5662  
714 8.5662  
715 8.5662  
716 8.5662  
717 8.5662  
718 8.5662  
719 8.5662  
720 8.5662  
721 8.5662  
722 8.5662  
723 8.5662  
724 8.5662  
725 8.5662  
726 8.5662  
727 8.5662  
728 8.5662  
729 8.5663  
730 8.5663  
731 8.5663  
732 8.5663  
733 8.5663  
734 8.5663  
735 8.5663  
736 8.5663  
737 8.5663  
738 8.5663  
739 8.5663  
740 8.5663  
741 8.5663  
742 8.5663  
743 8.5663  
744 8.5663  
745 8.5663  
746 8.5663  
747 8.5663  
748 8.5663  
749 8.5663  
750 8.5663  
751 8.5663  
752 8.5663  
753 8.5663  
754 8.5663  
755 8.5663  
756 8.5663  
757 8.5663  
758 8.5663  
759 8.5663  
760 8.5663  
761 8.5663  
762 8.5663  
763 8.5663  
764 8.5663  
765 8.5663  
766 8.5663  
767 8.5663  
768 8.5663  
769 8.5663  
770 8.5663  
771 8.5663  
772 8.5663  
773 8.5663  
774 8.5663  
775 8.5664  
776 8.5664  
777 8.5664  
778 8.5664  
779 8.5664  
780 8.5664  
781 8.5664  
782 8.5664  
783 8.5664  
784 8.5664  
785 8.5664  
786 8.5664  
787 8.5664  
788 8.5664  
789 8.5664  
790 8.5664  
791 8.5664  
792 8.5664  
793 8.5664  
794 8.5664  
795 8.5664  
796 8.5664  
797 8.5664  
798 8.5664  
799 8.5664  
800 8.5664  
801 8.5664  
802 8.5664  
803 8.5664  
804 8.5664  
805 8.5664  
806 8.5664  
807 8.5664  
808 8.5664  
809 8.5664  
810 8.5664  
811 8.5664  
812 8.5664  
813 8.5664  
814 8.5664  
815 8.5664  
816 8.5664  
817 8.5664  
818 8.5664  
819 8.5664  
820 8.5664  
821 8.5664  
822 8.5664  
823 8.5664  
824 8.5664  
825 8.5664  
826 8.5664  
827 8.5665  
828 8.5665  
829 8.5665  
830 8.5665  
831 8.5665  
832 8.5665  
833 8.5665  
834 8.5665  
835 8.5665  
836 8.5665  
837 8.5665  
838 8.5665  
839 8.5665  
840 8.5665  
841 8.5665  
842 8.5665  
843 8.5665  
844 8.5665  
845 8.5665  
846 8.5665  
847 8.5665  
848 8.5665  
849 8.5665  
850 8.5665  
851 8.5665  
852 8.5665  
853 8.5665  
854 8.5665  
855 8.5665  
856 8.5665  
857 8.5665  
858 8.5665  
859 8.5665  
860 8.5665  
861 8.5665  
862 8.5665  
863 8.5665  
864 8.5665  
865 8.5665  
866 8.5665  
867 8.5665  
868 8.5665  
869 8.5665  
870 8.5665  
871 8.5665  
872 8.5665  
873 8.5665  
874 8.5665  
875 8.5665  
876 8.5665  
877 8.5665  
878 8.5665  
879 8.5665  
880 8.5665  
881 8.5665  
882 8.5665  
883 8.5665  
884 8.5665  
885 8.5665  
886 8.5666  
887 8.5666  
888 8.5666  
889 8.5666  
890 8.5666  
891 8.5666  
892 8.5666  
893 8.5666  
894 8.5666  
895 8.5666  
896 8.5666  
897 8.5666  
898 8.5666  
899 8.5666  
900 8.5666  
901 8.5666  
902 8.5666  
903 8.5666  
904 8.5666  
905 8.5666  
906 8.5666  
907 8.5666  
908 8.5666  
909 8.5666  
910 8.5666  
911 8.5666  
912 8.5666  
913 8.5666  
914 8.5666  
915 8.5666  
916 8.5666  
917 8.5666  
918 8.5666  
919 8.5666  
920 8.5666  
921 8.5666  
922 8.5666  
923 8.5666  
924 8.5666  
925 8.5666  
926 8.5666  
927 8.5666  
928 8.5666  
929 8.5666  
930 8.5666  
931 8.5666  
932 8.5666  
933 8.5666  
934 8.5666  
935 8.5666  
936 8.5666  
937 8.5666  
938 8.5666  
939 8.5666  
940 8.5666  
941 8.5666  
942 8.5666  
943 8.5666  
944 8.5666  
945 8.5666  
946 8.5666  
947 8.5666  
948 8.5666  
949 8.5666  
950 8.5666  
951 8.5666  
952 8.5666  
953 8.5666  
954 8.5666  
955 8.5667  
956 8.5667  
957 8.5667  
958 8.5667  
959 8.5667  
960 8.5667  
961 8.5667  
962 8.5667  
963 8.5667  
964 8.5667  
965 8.5667  
966 8.5667  
967 8.5667  
968 8.5667  
969 8.5667  
970 8.5667  
971 8.5667  
972 8.5667  
973 8.5667  
974 8.5667  
975 8.5667  
976 8.5667  
977 8.5667  
978 8.5667  
979 8.5667  
980 8.5667  
981 8.5667  
982 8.5667  
983 8.5667  
984 8.5667  
985 8.5667  
986 8.5667  
987 8.5667  
988 8.5667  
989 8.5667  
990 8.5667  
991 8.5667  
992 8.5667  
993 8.5667  
994 8.5667  
995 8.5667  
996 8.5667  
997 8.5667  
998 8.5667  
999 8.5667  
1000 8.5667  
1001 8.5667  
1002 8.5667  
1003 8.5667  
1004 8.5667  
1005 8.5667  
1006 8.5667  
1007 8.5667  
1008 8.5667  
1009 8.5667  
1010 8.5667  
1011 8.5667  
1012 8.5667  
1013 8.5667  
1014 8.5667  
1015 8.5667  
1016 8.5667  
1017 8.5667  
1018 8.5667  
1019 8.5667  
1020 8.5667  
1021 8.5667  
1022 8.5667  
1023 8.5667  
1024 8.5667  
1025 8.5667  
1026 8.5667  
1027 8.5667  
1028 8.5667  
1029 8.5667  
1030 8.5667  
1031 8.5667  
1032 8.5667  
1033 8.5667  
1034 8.5667  
1035 8.5668  
1036 8.5668  
1037 8.5668  
1038 8.5668  
1039 8.5668  
1040 8.5668  
1041 8.5668  
1042 8.5668  
1043 8.5668  
1044 8.5668  
1045 8.5668  
1046 8.5668  
1047 8.5668  
1048 8.5668  
1049 8.5668  
1050 8.5668  
1051 8.5668  
1052 8.5668  
1053 8.5668  
1054 8.5668  
1055 8.5668  
1056 8.5668  
1057 8.5668  
1058 8.5668  
1059 8.5668  
1060 8.5668  
1061 8.5668  
1062 8.5668  
1063 8.5668  
1064 8.5668  
1065 8.5668  
1066 8.5668  
1067 8.5668  
1068 8.5668  
1069 8.5668  
1070 8.5668  
1071 8.5668  
1072 8.5668  
1073 8.5668  
1074 8.5668  
1075 8.5668  
1076 8.5668  
1077 8.5668  
1078 8.5668  
1079 8.5668  
1080 8.5668  
1081 8.5668  
1082 8.5668  
1083 8.5668  
1084 8.5668  
1085 8.5668  
1086 8.5668  
1087 8.5668  
1088 8.5668  
1089 8.5668  
1090 8.5668  
1091 8.5668  
1092 8.5668  
1093 8.5668  
1094 8.5668  
1095 8.5668  
1096 8.5668  
1097 8.5668  
1098 8.5668  
1099 8.5668  
1100 8.5668  
1101 8.5668  
1102 8.5668  
1103 8.5668  
1104 8.5668  
1105 8.5668  
1106 8.5668  
1107 8.5668  
1108 8.5668  
1109 8.5668  
1110 8.5668  
1111 8.5668  
1112 8.5668  
1113 8.5668  
1114 8.5668  
1115 8.5668  
1116 8.5668  
1117 8.5668  
1118 8.5668  
1119 8.5668  
1120 8.5668  
1121 8.5668  
1122 8.5668  
1123 8.5668  
1124 8.5668  
1125 8.5668  
1126 8.5668  
1127 8.5668  
1128 8.5668  
1129 8.5668  
1130 8.5669  
1131 8.5669  
1132 8.5669  
1133 8.5669  
1134 8.5669  
1135 8.5669  
1136 8.5669  
1137 8.5669  
1138 8.5669  
1139 8.5669  
1140 8.5669  
1141 8.5669  
1142 8.5669  
1143 8.5669  
1144 8.5669  
1145 8.5669  
1146 8.5669  
1147 8.5669  
1148 8.5669  
1149 8.5669  
1150 8.5669  
1151 8.5669  
1152 8.5669  
1153 8.5669  
1154 8.5669  
1155 8.5669  
1156 8.5669  
1157 8.5669  
1158 8.5669  
1159 8.5669  
1160 8.5669  
1161 8.5669  
1162 8.5669  
1163 8.5669  
1164 8.5669  
1165 8.5669  
1166 8.5669  
1167 8.5669  
1168 8.5669  
1169 8.5669  
1170 8.5669  
1171 8.5669  
1172 8.5669  
1173 8.5669  
1174 8.5669  
1175 8.5669  
1176 8.5669  
1177 8.5669  
1178 8.5669  
1179 8.5669  
1180 8.5669  
1181 8.5669  
1182 8.5669  
1183 8.5669  
1184 8.5669  
1185 8.5669  
1186 8.5669  
1187 8.5669  
1188 8.5669  
1189 8.5669  
1190 8.5669  
1191 8.5669  
1192 8.5669  
1193 8.5669  
1194 8.5669  
1195 8.5669  
1196 8.5669  
1197 8.5669  
1198 8.5669  
1199 8.5669  
1200 8.5669  
1201 8.5669  
1202 8.5669  
1203 8.5669  
1204 8.5669  
1205 8.5669  
1206 8.5669  
1207 8.5669  
1208 8.5669  
1209 8.5669  
1210 8.5669  
1211 8.5669  
1212 8.5669  
1213 8.5669  
1214 8.5669  
1215 8.5669  
1216 8.5669  
1217 8.5669  
1218 8.5669  
1219 8.5669  
1220 8.5669  
1221 8.5669  
1222 8.5669  
1223 8.5669  
1224 8.5669  
1225 8.5669  
1226 8.5669  
1227 8.5669  
1228 8.5669  
1229 8.5669  
1230 8.5669  
1231 8.5669  
1232 8.5669  
1233 8.5669  
1234 8.5669  
1235 8.5669  
1236 8.5669  
1237 8.5669  
1238 8.5669  
1239 8.5669  
1240 8.5669  
1241 8.5669  
1242 8.5669  
1243 8.5669  
1244 8.5670  
1245 8.5670  
1246 8.5670  
1247 8.5670  
1248 8.5670  
1249 8.5670  
1250 8.5670  
1251 8.5670  
1252 8.5670  
1253 8.5670  
1254 8.5670  
1255 8.5670  
1256 8.5670  
1257 8.5670  
1258 8.5670  
1259 8.5670  
1260 8.5670  
1261 8.5670  
1262 8.5670  
1263 8.5670  
1264 8.5670  
1265 8.5670  
1266 8.5670  
1267 8.5670  
1268 8.5670  
1269 8.5670  
1270 8.5670  
1271 8.5670  
1272 8.5670  
1273 8.5670  
1274 8.5670  
1275 8.5670  
1276 8.5670  
1277 8.5670  
1278 8.5670  
1279 8.5670  
1280 8.5670  
1281 8.5670  
1282 8.5670  
1283 8.5670  
1284 8.5670  
1285 8.5670  
1286 8.5670  
1287 8.5670  
1288 8.5670  
1289 8.5670  
1290 8.5670  
1291 8.5670  
1292 8.5670  
1293 8.5670  
1294 8.5670  
1295 8.5670  
1296 8.5670  
1297 8.5670  
1298 8.5670  
1299 8.5670  
1300 8.5670  
1301 8.5670  
1302 8.5670  
1303 8.5670  
1304 8.5670  
1305 8.5670  
1306 8.5670  
1307 8.5670  
1308 8.5670  
1309 8.5670  
1310 8.5670  
1311 8.5670  
1312 8.5670  
1313 8.5670  
1314 8.5670  
1315 8.5670  
1316 8.5670  
1317 8.5670  
1318 8.5670  
1319 8.5670  
1320 8.5670  
1321 8.5670  
1322 8.5670  
1323 8.5670  
1324 8.5670  
1325 8.5670  
1326 8.5670  
1327 8.5670  
1328 8.5670  
1329 8.5670  
1330 8.5670  
1331 8.5670  
1332 8.5670  
1333 8.5670  
1334 8.5670  
1335 8.5670  
1336 8.5670  
1337 8.5670  
1338 8.5670  
1339 8.5670  
1340 8.5670  
1341 8.5670  
1342 8.5670  
1343 8.5670  
1344 8.5670  
1345 8.5670  
1346 8.5670  
1347 8.5670  
1348 8.5670  
1349 8.5670  
1350 8.5670  
1351 8.5670  
1352 8.5670  
1353 8.5670  
1354 8.5670  
1355 8.5670  
1356 8.5670  
1357 8.5670  
1358 8.5670  
1359 8.5670  
1360 8.5670  
1361 8.5670  
1362 8.5670  
1363 8.5670  
1364 8.5670  
1365 8.5670  
1366 8.5670  
1367 8.5670  
1368 8.5670  
1369 8.5670  
1370 8.5670  
1371 8.5670  
1372 8.5670  
1373 8.5670  
1374 8.5670  
1375 8.5670  
1376 8.5670  
1377 8.5670  
1378 8.5670  
1379 8.5670  
1380 8.5670  
1381 8.5670  
1382 8.5670  
1383 8.5671  
1384 8.5671  
1385 8.5671  
1386 8.5671  
1387 8.5671  
1388 8.5671  
1389 8.5671  
1390 8.5671  
1391 8.5671  
1392 8.5671  
1393 8.5671  
1394 8.5671  
1395 8.5671  
1396 8.5671  
1397 8.5671  
1398 8.5671  
1399 8.5671  
1400 8.5671  
1401 8.5671  
1402 8.5671  
1403 8.5671  
1404 8.5671  
1405 8.5671  
1406 8.5671  
1407 8.5671  
1408 8.5671  
1409 8.5671  
1410 8.5671  
1411 8.5671  
1412 8.5671  
1413 8.5671  
1414 8.5671  
1415 8.5671  
1416 8.5671  
1417 8.5671  
1418 8.5671  
1419 8.5671  
1420 8.5671  
1421 8.5671  
1422 8.5671  
1423 8.5671  
1424 8.5671  
1425 8.5671  
1426 8.5671  
1427 8.5671  
1428 8.5671  
1429 8.5671  
1430 8.5671  
1431 8.5671  
1432 8.5671  
1433 8.5671  
1434 8.5671  
1435 8.5671  
1436 8.5671  
1437 8.5671  
1438 8.5671  
1439 8.5671  
1440 8.5671  
1441 8.5671  
1442 8.5671  
1443 8.5671  
1444 8.5671  
1445 8.5671  
1446 8.5671  
1447 8.5671  
1448 8.5671  
1449 8.5671  
1450 8.5671  
1451 8.5671  
1452 8.5671  
1453 8.5671  
1454 8.5671  
1455 8.5671  
1456 8.5671  
1457 8.5671  
1458 8.5671  
1459 8.5671  
1460 8.5671  
1461 8.5671  
1462 8.5671  
1463 8.5671  
1464 8.5671  
1465 8.5671  
1466 8.5671  
1467 8.5671  
1468 8.5671  
1469 8.5671  
1470 8.5671  
1471 8.5671  
1472 8.5671  
1473 8.5671  
1474 8.5671  
1475 8.5671  
1476 8.5671  
1477 8.5671  
1478 8.5671  
1479 8.5671  
1480 8.5671  
1481 8.5671  
1482 8.5671  
1483 8.5671  
1484 8.5671  
1485 8.5671  
1486 8.5671  
1487 8.5671  
1488 8.5671  
1489 8.5671  
1490 8.5671  
1491 8.5671  
1492 8.5671  
1493 8.5671  
1494 8.5671  
1495 8.5671  
1496 8.5671  
1497 8.5671  
1498 8.5671  
1499 8.5671  
1500 8.5671  
1501 8.5671  
1502 8.5671  
1503 8.5671  
1504 8.5671  
1505 8.5671  
1506 8.5671  
1507 8.5671  
1508 8.5671  
1509 8.5671  
1510 8.5671  
1511 8.5671  
1512 8.5671  
1513 8.5671  
1514 8.5671  
1515 8.5671  
1516 8.5671  
1517 8.5671  
1518 8.5671  
1519 8.5671  
1520 8.5671  
1521 8.5671  
1522 8.5671  
1523 8.5671  
1524 8.5671  
1525 8.5671  
1526 8.5671  
1527 8.5671  
1528 8.5671  
1529 8.5671  
1530 8.5671  
1531 8.5671  
1532 8.5671  
1533 8.5671  
1534 8.5671  
1535 8.5671  
1536 8.5671  
1537 8.5671  
1538 8.5671  
1539 8.5671  
1540 8.5671  
1541 8.5671  
1542 8.5671  
1543 8.5671  
1544 8.5671  
1545 8.5671  
1546 8.5671  
1547 8.5671  
1548 8.5671  
1549 8.5671  
1550 8.5671  
1551 8.5671  
1552 8.5671  
1553 8.5671  
1554 8.5671  
1555 8.5671  
1556 8.5671  
1557 8.5672  
1558 8.5672  
1559 8.5672  
1560 8.5672  
1561 8.5672  
1562 8.5672  
1563 8.5672  
1564 8.5672  
1565 8.5672  
1566 8.5672  
1567 8.5672  
1568 8.5672  
1569 8.5672  
1570 8.5672  
1571 8.5672  
1572 8.5672  
1573 8.5672  
1574 8.5672  
1575 8.5672  
1576 8.5672  
1577 8.5672  
1578 8.5672  
1579 8.5672  
1580 8.5672  
1581 8.5672  
1582 8.5672  
1583 8.5672  
1584 8.5672  
1585 8.5672  
1586 8.5672  
1587 8.5672  
1588 8.5672  
1589 8.5672  
1590 8.5672  
1591 8.5672  
1592 8.5672  
1593 8.5672  
1594 8.5672  
1595 8.5672  
1596 8.5672  
1597 8.5672  
1598 8.5672  
1599 8.5672  
1600 8.5672  
1601 8.5672  
1602 8.5672  
1603 8.5672  
1604 8.5672  
1605 8.5672  
1606 8.5672  
1607 8.5672  
1608 8.5672  
1609 8.5672  
1610 8.5672  
1611 8.5672  
1612 8.5672  
1613 8.5672  
1614 8.5672  
1615 8.5672  
1616 8.5672  
1617 8.5672  
1618 8.5672  
1619 8.5672  
1620 8.5672  
1621 8.5672  
1622 8.5672  
1623 8.5672  
1624 8.5672  
1625 8.5672  
1626 8.5672  
1627 8.5672  
1628 8.5672  
1629 8.5672  
1630 8.5672  
1631 8.5672  
1632 8.5672  
1633 8.5672  
1634 8.5672  
1635 8.5672  
1636 8.5672  
1637 8.5672  
1638 8.5672  
1639 8.5672  
1640 8.5672  
1641 8.5672  
1642 8.5672  
1643 8.5672  
1644 8.5672  
1645 8.5672  
1646 8.5672  
1647 8.5672  
1648 8.5672  
1649 8.5672  
1650 8.5672  
1651 8.5672  
1652 8.5672  
1653 8.5672  
1654 8.5672  
1655 8.5672  
1656 8.5672  
1657 8.5672  
1658 8.5672  
1659 8.5672  
1660 8.5672  
1661 8.5672  
1662 8.5672  
1663 8.5672  
1664 8.5672  
1665 8.5672  
1666 8.5672  
1667 8.5672  
1668 8.5672  
1669 8.5672  
1670 8.5672  
1671 8.5672  
1672 8.5672  
1673 8.5672  
1674 8.5672  
1675 8.5672  
1676 8.5672  
1677 8.5672  
1678 8.5672  
1679 8.5672  
1680 8.5672  
1681 8.5672  
1682 8.5672  
1683 8.5672  
1684 8.5672  
1685 8.5672  
1686 8.5672  
1687 8.5672  
1688 8.5672  
1689 8.5672  
1690 8.5672  
1691 8.5672  
1692 8.5672  
1693 8.5672  
1694 8.5672  
1695 8.5672  
1696 8.5672  
1697 8.5672  
1698 8.5672  
1699 8.5672  
1700 8.5672  
1701 8.5672  
1702 8.5672  
1703 8.5672  
1704 8.5672  
1705 8.5672  
1706 8.5672  
1707 8.5672  
1708 8.5672  
1709 8.5672  
1710 8.5672  
1711 8.5672  
1712 8.5672  
1713 8.5672  
1714 8.5672  
1715 8.5672  
1716 8.5672  
1717 8.5672  
1718 8.5672  
1719 8.5672  
1720 8.5672  
1721 8.5672  
1722 8.5672  
1723 8.5672  
1724 8.5672  
1725 8.5672  
1726 8.5672  
1727 8.5672  
1728 8.5672  
1729 8.5672  
1730 8.5672  
1731 8.5672  
1732 8.5672  
1733 8.5672  
1734 8.5672  
1735 8.5672  
1736 8.5672  
1737 8.5672  
1738 8.5672  
1739 8.5672  
1740 8.5672  
1741 8.5672  
1742 8.5672  
1743 8.5672  
1744 8.5672  
1745 8.5672  
1746 8.5672  
1747 8.5672  
1748 8.5672  
1749 8.5672  
1750 8.5672  
1751 8.5672  
1752 8.5672  
1753 8.5672  
1754 8.5672  
1755 8.5672  
1756 8.5672  
1757 8.5672  
1758 8.5672  
1759 8.5672  
1760 8.5672  
1761 8.5672  
1762 8.5672  
1763 8.5672  
1764 8.5672  
1765 8.5672  
1766 8.5672  
1767 8.5672  
1768 8.5672  
1769 8.5672  
1770 8.5672  
1771 8.5672  
1772 8.5672  
1773 8.5672  
1774 8.5672  
1775 8.5672  
1776 8.5672  
1777 8.5672  
1778 8.5672  
1779 8.5672  
1780 8.5672  
1781 8.5672  
1782 8.5673  
1783 8.5673  
1784 8.5673  
1785 8.5673  
1786 8.5673  
1787 8.5673  
1788 8.5673  
1789 8.5673  
1790 8.5673  
1791 8.5673  
1792 8.5673  
1793 8.5673  
1794 8.5673  
1795 8.5673  
1796 8.5673  
1797 8.5673  
1798 8.5673  
1799 8.5673  
1800 8.5673  
1801 8.5673  
1802 8.5673  
1803 8.5673  
1804 8.5673  
1805 8.5673  
1806 8.5673  
1807 8.5673  
1808 8.5673  
1809 8.5673  
1810 8.5673  
1811 8.5673  
1812 8.5673  
1813 8.5673  
1814 8.5673  
1815 8.5673  
1816 8.5673  
1817 8.5673  
1818 8.5673  
1819 8.5673  
1820 8.5673  
1821 8.5673  
1822 8.5673  
1823 8.5673  
1824 8.5673  
1825 8.5673  
1826 8.5673  
1827 8.5673  
1828 8.5673  
1829 8.5673  
1830 8.5673  
1831 8.5673  
1832 8.5673  
1833 8.5673  
1834 8.5673  
1835 8.5673  
1836 8.5673  
1837 8.5673  
1838 8.5673  
1839 8.5673  
1840 8.5673  
1841 8.5673  
1842 8.5673  
1843 8.5673  
1844 8.5673  
1845 8.5673  
1846 8.5673  
1847 8.5673  
1848 8.5673  
1849 8.5673  
1850 8.5673  
1851 8.5673  
1852 8.5673  
1853 8.5673  
1854 8.5673  
1855 8.5673  
1856 8.5673  
1857 8.5673  
1858 8.5673  
1859 8.5673  
1860 8.5673  
1861 8.5673  
1862 8.5673  
1863 8.5673  
1864 8.5673  
1865 8.5673  
1866 8.5673  
1867 8.5673  
1868 8.5673  
1869 8.5673  
1870 8.5673  
1871 8.5673  
1872 8.5673  
1873 8.5673  
1874 8.5673  
1875 8.5673  
1876 8.5673  
1877 8.5673  
1878 8.5673  
1879 8.5673  
1880 8.5673  
1881 8.5673  
1882 8.5673  
1883 8.5673  
1884 8.5673  
1885 8.5673  
1886 8.5673  
1887 8.5673  
1888 8.5673  
1889 8.5673  
1890 8.5673  
1891 8.5673  
1892 8.5673  
1893 8.5673  
1894 8.5673  
1895 8.5673  
1896 8.5673  
1897 8.5673  
1898 8.5673  
1899 8.5673  
1900 8.5673  
1901 8.5673  
1902 8.5673  
1903 8.5673  
1904 8.5673  
1905 8.5673  
1906 8.5673  
1907 8.5673  
1908 8.5673  
1909 8.5673  
1910 8.5673  
1911 8.5673  
1912 8.5673  
1913 8.5673  
1914 8.5673  
1915 8.5673  
1916 8.5673  
1917 8.5673  
1918 8.5673  
1919 8.5673  
1920 8.5673  
1921 8.5673  
1922 8.5673  
1923 8.5673  
1924 8.5673  
1925 8.5673  
1926 8.5673  
1927 8.5673  
1928 8.5673  
1929 8.5673  
1930 8.5673  
1931 8.5673  
1932 8.5673  
1933 8.5673  
1934 8.5673  
1935 8.5673  
1936 8.5673  
1937 8.5673  
1938 8.5673  
1939 8.5673  
1940 8.5673  
1941 8.5673  
1942 8.5673  
1943 8.5673  
1944 8.5673  
1945 8.5673  
1946 8.5673  
1947 8.5673  
1948 8.5673  
1949 8.5673  
1950 8.5673  
1951 8.5673  
1952 8.5673  
1953 8.5673  
1954 8.5673  
1955 8.5673  
1956 8.5673  
1957 8.5673  
1958 8.5673  
1959 8.5673  
1960 8.5673  
1961 8.5673  
1962 8.5673  
1963 8.5673  
1964 8.5673  
1965 8.5673  
1966 8.5673  
1967 8.5673  
1968 8.5673  
1969 8.5673  
1970 8.5673  
1971 8.5673  
1972 8.5673  
1973 8.5673  
1974 8.5673  
1975 8.5673  
1976 8.5673  
1977 8.5673  
1978 8.5673  
1979 8.5673  
1980 8.5673  
1981 8.5673  
1982 8.5673  
1983 8.5673  
1984 8.5673  
1985 8.5673  
1986 8.5673  
1987 8.5673  
1988 8.5673  
1989 8.5673  
1990 8.5673  
1991 8.5673  
1992 8.5673  
1993 8.5673  
1994 8.5673  
1995 8.5673  
1996 8.5673  
1997 8.5673  
1998 8.5673  
1999 8.5673  
2000 8.5673  
2001 8.5673  
2002 8.5673  
2003 8.5673  
2004 8.5673  
2005 8.5673  
2006 8.5673  
2007 8.5673  
2008 8.5673  
2009 8.5673  
2010 8.5673  
2011 8.5673  
2012 8.5673  
2013 8.5673  
2014 8.5673  
2015 8.5673  
2016 8.5673  
2017 8.5673  
2018 8.5673  
2019 8.5673  
2020 8.5673  
2021 8.5673  
2022 8.5673  
2023 8.5673  
2024 8.5673  
2025 8.5673  
2026 8.5673  
2027 8.5673  
2028 8.5673  
2029 8.5673  
2030 8.5673  
2031 8.5673  
2032 8.5673  
2033 8.5673  
2034 8.5673  
2035 8.5673  
2036 8.5673  
2037 8.5673  
2038 8.5673  
2039 8.5673  
2040 8.5673  
2041 8.5673  
2042 8.5673  
2043 8.5673  
2044 8.5673  
2045 8.5673  
2046 8.5673  
2047 8.5673  
2048 8.5673  
2049 8.5673  
2050 8.5673  
2051 8.5673  
2052 8.5673  
2053 8.5673  
2054 8.5673  
2055 8.5673  
2056 8.5673  
2057 8.5673  
2058 8.5673  
2059 8.5673  
2060 8.5673  
2061 8.5673  
2062 8.5673  
2063 8.5673  
2064 8.5673  
2065 8.5673  
2066 8.5673  
2067 8.5673  
2068 8.5673  
2069 8.5673  
2070 8.5673  
2071 8.5673  
2072 8.5673  
2073 8.5673  
2074 8.5673  
2075 8.5673  
2076 8.5673  
2077 8.5673  
2078 8.5673  
2079 8.5673  
2080 8.5673  
2081 8.5673  
2082 8.5673  
2083 8.5673  
2084 8.5674  
2085 8.5674  
2086 8.5674  
2087 8.5674  
2088 8.5674  
2089 8.5674  
2090 8.5674  
2091 8.5674  
2092 8.5674  
2093 8.5674  
2094 8.5674  
2095 8.5674  
2096 8.5674  
2097 8.5674  
2098 8.5674  
2099 8.5674  
2100 8.5674  
2101 8.5674  
2102 8.5674  
2103 8.5674  
2104 8.5674  
2105 8.5674  
2106 8.5674  
2107 8.5674  
2108 8.5674  
2109 8.5674  
2110 8.5674  
2111 8.5674  
2112 8.5674  
2113 8.5674  
2114 8.5674  
2115 8.5674  
2116 8.5674  
2117 8.5674  
2118 8.5674  
2119 8.5674  
2120 8.5674  
2121 8.5674  
2122 8.5674  
2123 8.5674  
2124 8.5674  
2125 8.5674  
2126 8.5674  
2127 8.5674  
2128 8.5674  
2129 8.5674  
2130 8.5674  
2131 8.5674  
2132 8.5674  
2133 8.5674  
2134 8.5674  
2135 8.5674  
2136 8.5674  
2137 8.5674  
2138 8.5674  
2139 8.5674  
2140 8.5674  
2141 8.5674  
2142 8.5674  
2143 8.5674  
2144 8.5674  
2145 8.5674  
2146 8.5674  
2147 8.5674  
2148 8.5674  
2149 8.5674  
2150 8.5674  
2151 8.5674  
2152 8.5674  
2153 8.5674  
2154 8.5674  
2155 8.5674  
2156 8.5674  
2157 8.5674  
2158 8.5674  
2159 8.5674  
2160 8.5674  
2161 8.5674  
2162 8.5674  
2163 8.5674  
2164 8.5674  
2165 8.5674  
2166 8.5674  
2167 8.5674  
2168 8.5674  
2169 8.5674  
2170 8.5674  
2171 8.5674  
2172 8.5674  
2173 8.5674  
2174 8.5674  
2175 8.5674  
2176 8.5674  
2177 8.5674  
2178 8.5674  
2179 8.5674  
2180 8.5674  
2181 8.5674  
2182 8.5674  
2183 8.5674  
2184 8.5674  
2185 8.5674  
2186 8.5674  
2187 8.5674  
2188 8.5674  
2189 8.5674  
2190 8.5674  
2191 8.5674  
2192 8.5674  
2193 8.5674  
2194 8.5674  
2195 8.5674  
2196 8.5674  
2197 8.5674  
2198 8.5674  
2199 8.5674  
2200 8.5674  
2201 8.5674  
2202 8.5674  
2203 8.5674  
2204 8.5674  
2205 8.5674  
2206 8.5674  
2207 8.5674  
2208 8.5674  
2209 8.5674  
2210 8.5674  
2211 8.5674  
2212 8.5674  
2213 8.5674  
2214 8.5674  
2215 8.5674  
2216 8.5674  
2217 8.5674  
2218 8.5674  
2219 8.5674  
2220 8.5674  
2221 8.5674  
2222 8.5674  
2223 8.5674  
2224 8.5674  
2225 8.5674  
2226 8.5674  
2227 8.5674  
2228 8.5674  
2229 8.5674  
2230 8.5674  
2231 8.5674  
2232 8.5674  
2233 8.5674  
2234 8.5674  
2235 8.5674  
2236 8.5674  
2237 8.5674  
2238 8.5674  
2239 8.5674  
2240 8.5674  
2241 8.5674  
2242 8.5674  
2243 8.5674  
2244 8.5674  
2245 8.5674  
2246 8.5674  
2247 8.5674  
2248 8.5674  
2249 8.5674  
2250 8.5674  
2251 8.5674  
2252 8.5674  
2253 8.5674  
2254 8.5674  
2255 8.5674  
2256 8.5674  
2257 8.5674  
2258 8.5674  
2259 8.5674  
2260 8.5674  
2261 8.5674  
2262 8.5674  
2263 8.5674  
2264 8.5674  
2265 8.5674  
2266 8.5674  
2267 8.5674  
2268 8.5674  
2269 8.5674  
2270 8.5674  
2271 8.5674  
2272 8.5674  
2273 8.5674  
2274 8.5674  
2275 8.5674  
2276 8.5674  
2277 8.5674  
2278 8.5674  
2279 8.5674  
2280 8.5674  
2281 8.5674  
2282 8.5674  
2283 8.5674  
2284 8.5674  
2285 8.5674  
2286 8.5674  
2287 8.5674  
2288 8.5674  
2289 8.5674  
2290 8.5674  
2291 8.5674  
2292 8.5674  
2293 8.5674  
2294 8.5674  
2295 8.5674  
2296 8.5674  
2297 8.5674  
2298 8.5674  
2299 8.5674  
2300 8.5674  
2301 8.5674  
2302 8.5674  
2303 8.5674  
2304 8.5674  
2305 8.5674  
2306 8.5674  
2307 8.5674  
2308 8.5674  
2309 8.5674  
2310 8.5674  
2311 8.5674  
2312 8.5674  
2313 8.5674  
2314 8.5674  
2315 8.5674  
2316 8.5674  
2317 8.5674  
2318 8.5674  
2319 8.5674  
2320 8.5674  
2321 8.5674  
2322 8.5674  
2323 8.5674  
2324 8.5674  
2325 8.5674  
2326 8.5674  
2327 8.5674  
2328 8.5674  
2329 8.5674  
2330 8.5674  
2331 8.5674  
2332 8.5674  
2333 8.5674  
2334 8.5674  
2335 8.5674  
2336 8.5674  
2337 8.5674  
2338 8.5674  
2339 8.5674  
2340 8.5674  
2341 8.5674  
2342 8.5674  
2343 8.5674  
2344 8.5674  
2345 8.5674  
2346 8.5674  
2347 8.5674  
2348 8.5674  
2349 8.5674  
2350 8.5674  
2351 8.5674  
2352 8.5674  
2353 8.5674  
2354 8.5674  
2355 8.5674  
2356 8.5674  
2357 8.5674  
2358 8.5674  
2359 8.5674  
2360 8.5674  
2361 8.5674  
2362 8.5674  
2363 8.5674  
2364 8.5674  
2365 8.5674  
2366 8.5674  
2367 8.5674  
2368 8.5674  
2369 8.5674  
2370 8.5674  
2371 8.5674  
2372 8.5674  
2373 8.5674  
2374 8.5674  
2375 8.5674  
2376 8.5674  
2377 8.5674  
2378 8.5674  
2379 8.5674  
2380 8.5674  
2381 8.5674  
2382 8.5674  
2383 8.5674  
2384 8.5674  
2385 8.5674  
2386 8.5674  
2387 8.5674  
2388 8.5674  
2389 8.5674  
2390 8.5674  
2391 8.5674  
2392 8.5674  
2393 8.5674  
2394 8.5674  
2395 8.5674  
2396 8.5674  
2397 8.5674  
2398 8.5674  
2399 8.5674  
2400 8.5674  
2401 8.5674  
2402 8.5674  
2403 8.5674  
2404 8.5674  
2405 8.5674  
2406 8.5674  
2407 8.5674  
2408 8.5674  
2409 8.5674  
2410 8.5674  
2411 8.5674  
2412 8.5674  
2413 8.5674  
2414 8.5674  
2415 8.5674  
2416 8.5674  
2417 8.5674  
2418 8.5674  
2419 8.5674  
2420 8.5674  
2421 8.5674  
2422 8.5674  
2423 8.5674  
2424 8.5674  
2425 8.5674  
2426 8.5674  
2427 8.5674  
2428 8.5674  
2429 8.5674  
2430 8.5674  
2431 8.5674  
2432 8.5674  
2433 8.5674  
2434 8.5674  
2435 8.5674  
2436 8.5674  
2437 8.5674  
2438 8.5674  
2439 8.5674  
2440 8.5674  
2441 8.5674  
2442 8.5674  
2443 8.5674  
2444 8.5674  
2445 8.5674  
2446 8.5674  
2447 8.5674  
2448 8.5674  
2449 8.5674  
2450 8.5674  
2451 8.5674  
2452 8.5674  
2453 8.5674  
2454 8.5674  
2455 8.5674  
2456 8.5674  
2457 8.5674  
2458 8.5674  
2459 8.5674  
2460 8.5674  
2461 8.5674  
2462 8.5674  
2463 8.5674  
2464 8.5674  
2465 8.5674  
2466 8.5674  
2467 8.5674  
2468 8.5674  
2469 8.5674  
2470 8.5674  
2471 8.5674  
2472 8.5674  
2473 8.5674  
2474 8.5674  
2475 8.5674  
2476 8.5674  
2477 8.5674  
2478 8.5674  
2479 8.5674  
2480 8.5674  
2481 8.5674  
2482 8.5674  
2483 8.5674  
2484 8.5674  
2485 8.5674  
2486 8.5674  
2487 8.5674  
2488 8.5674  
2489 8.5674  
2490 8.5674  
2491 8.5674  
2492 8.5674  
2493 8.5674  
2494 8.5674  
2495 8.5674  
2496 8.5674  
2497 8.5674  
2498 8.5674  
2499 8.5674  
2500 8.5674  
2501 8.5674  
2502 8.5674  
2503 8.5674  
2504 8.5674  
2505 8.5674  
2506 8.5674  
2507 8.5675  
2508 8.5675  
2509 8.5675  
2510 8.5675  
2511 8.5675  
2512 8.5675  
2513 8.5675  
2514 8.5675  
2515 8.5675  
2516 8.5675  
2517 8.5675  
2518 8.5675  
2519 8.5675  
2520 8.5675  
2521 8.5675  
2522 8.5675  
2523 8.5675  
2524 8.5675  
2525 8.5675  
2526 8.5675  
2527 8.5675  
2528 8.5675  
2529 8.5675  
2530 8.5675  
2531 8.5675  
2532 8.5675  
2533 8.5675  
2534 8.5675  
2535 8.5675  
2536 8.5675  
2537 8.5675  
2538 8.5675  
2539 8.5675  
2540 8.5675  
2541 8.5675  
2542 8.5675  
2543 8.5675  
2544 8.5675  
2545 8.5675  
2546 8.5675  
2547 8.5675  
2548 8.5675  
2549 8.5675  
2550 8.5675  
2551 8.5675  
2552 8.5675  
2553 8.5675  
2554 8.5675  
2555 8.5675  
2556 8.5675  
2557 8.5675  
2558 8.5675  
2559 8.5675  
2560 8.5675  
2561 8.5675  
2562 8.5675  
2563 8.5675  
2564 8.5675  
2565 8.5675  
2566 8.5675  
2567 8.5675  
2568 8.5675  
2569 8.5675  
2570 8.5675  
2571 8.5675  
2572 8.5675  
2573 8.5675  
2574 8.5675  
2575 8.5675  
2576 8.5675  
2577 8.5675  
2578 8.5675  
2579 8.5675  
2580 8.5675  
2581 8.5675  
2582 8.5675  
2583 8.5675  
2584 8.5675  
2585 8.5675  
2586 8.5675  
2587 8.5675  
2588 8.5675  
2589 8.5675  
2590 8.5675  
2591 8.5675  
2592 8.5675  
2593 8.5675  
2594 8.5675  
2595 8.5675  
2596 8.5675  
2597 8.5675  
2598 8.5675  
2599 8.5675  
2600 8.5675  
2601 8.5675  
2602 8.5675  
2603 8.5675  
2604 8.5675  
2605 8.5675  
2606 8.5675  
2607 8.5675  
2608 8.5675  
2609 8.5675  
2610 8.5675  
2611 8.5675  
2612 8.5675  
2613 8.5675  
2614 8.5675  
2615 8.5675  
2616 8.5675  
2617 8.5675  
2618 8.5675  
2619 8.5675  
2620 8.5675  
2621 8.5675  
2622 8.5675  
2623 8.5675  
2624 8.5675  
2625 8.5675  
2626 8.5675  
2627 8.5675  
2628 8.5675  
2629 8.5675  
2630 8.5675  
2631 8.5675  
2632 8.5675  
2633 8.5675  
2634 8.5675  
2635 8.5675  
2636 8.5675  
2637 8.5675  
2638 8.5675  
2639 8.5675  
2640 8.5675  
2641 8.5675  
2642 8.5675  
2643 8.5675  
2644 8.5675  
2645 8.5675  
2646 8.5675  
2647 8.5675  
2648 8.5675  
2649 8.5675  
2650 8.5675  
2651 8.5675  
2652 8.5675  
2653 8.5675  
2654 8.5675  
2655 8.5675  
2656 8.5675  
2657 8.5675  
2658 8.5675  
2659 8.5675  
2660 8.5675  
2661 8.5675  
2662 8.5675  
2663 8.5675  
2664 8.5675  
2665 8.5675  
2666 8.5675  
2667 8.5675  
2668 8.5675  
2669 8.5675  
2670 8.5675  
2671 8.5675  
2672 8.5675  
2673 8.5675  
2674 8.5675  
2675 8.5675  
2676 8.5675  
2677 8.5675  
2678 8.5675  
2679 8.5675  
2680 8.5675  
2681 8.5675  
2682 8.5675  
2683 8.5675  
2684 8.5675  
2685 8.5675  
2686 8.5675  
2687 8.5675  
2688 8.5675  
2689 8.5675  
2690 8.5675  
2691 8.5675  
2692 8.5675  
2693 8.5675  
2694 8.5675  
2695 8.5675  
2696 8.5675  
2697 8.5675  
2698 8.5675  
2699 8.5675  
2700 8.5675  
2701 8.5675  
2702 8.5675  
2703 8.5675  
2704 8.5675  
2705 8.5675  
2706 8.5675  
2707 8.5675  
2708 8.5675  
2709 8.5675  
2710 8.5675  
2711 8.5675  
2712 8.5675  
2713 8.5675  
2714 8.5675  
2715 8.5675  
2716 8.5675  
2717 8.5675  
2718 8.5675  
2719 8.5675  
2720 8.5675  
2721 8.5675  
2722 8.5675  
2723 8.5675  
2724 8.5675  
2725 8.5675  
2726 8.5675  
2727 8.5675  
2728 8.5675  
2729 8.5675  
2730 8.5675  
2731 8.5675  
2732 8.5675  
2733 8.5675  
2734 8.5675  
2735 8.5675  
2736 8.5675  
2737 8.5675  
2738 8.5675  
2739 8.5675  
2740 8.5675  
2741 8.5675  
2742 8.5675  
2743 8.5675  
2744 8.5675  
2745 8.5675  
2746 8.5675  
2747 8.5675  
2748 8.5675  
2749 8.5675  
2750 8.5675  
2751 8.5675  
2752 8.5675  
2753 8.5675  
2754 8.5675  
2755 8.5675  
2756 8.5675  
2757 8.5675  
2758 8.5675  
2759 8.5675  
2760 8.5675  
2761 8.5675  
2762 8.5675  
2763 8.5675  
2764 8.5675  
2765 8.5675  
2766 8.5675  
2767 8.5675  
2768 8.5675  
2769 8.5675  
2770 8.5675  
2771 8.5675  
2772 8.5675  
2773 8.5675  
2774 8.5675  
2775 8.5675  
2776 8.5675  
2777 8.5675  
2778 8.5675  
2779 8.5675  
2780 8.5675  
2781 8.5675  
2782 8.5675  
2783 8.5675  
2784 8.5675  
2785 8.5675  
2786 8.5675  
2787 8.5675  
2788 8.5675  
2789 8.5675  
2790 8.5675  
2791 8.5675  
2792 8.5675  
2793 8.5675  
2794 8.5675  
2795 8.5675  
2796 8.5675  
2797 8.5675  
2798 8.5675  
2799 8.5675  
2800 8.5675  
2801 8.5675  
2802 8.5675  
2803 8.5675  
2804 8.5675  
2805 8.5675  
2806 8.5675  
2807 8.5675  
2808 8.5675  
2809 8.5675  
2810 8.5675  
2811 8.5675  
2812 8.5675  
2813 8.5675  
2814 8.5675  
2815 8.5675  
2816 8.5675  
2817 8.5675  
2818 8.5675  
2819 8.5675  
2820 8.5675  
2821 8.5675  
2822 8.5675  
2823 8.5675  
2824 8.5675  
2825 8.5675  
2826 8.5675  
2827 8.5675  
2828 8.5675  
2829 8.5675  
2830 8.5675  
2831 8.5675  
2832 8.5675  
2833 8.5675  
2834 8.5675  
2835 8.5675  
2836 8.5675  
2837 8.5675  
2838 8.5675  
2839 8.5675  
2840 8.5675  
2841 8.5675  
2842 8.5675  
2843 8.5675  
2844 8.5675  
2845 8.5675  
2846 8.5675  
2847 8.5675  
2848 8.5675  
2849 8.5675  
2850 8.5675  
2851 8.5675  
2852 8.5675  
2853 8.5675  
2854 8.5675  
2855 8.5675  
2856 8.5675  
2857 8.5675  
2858 8.5675  
2859 8.5675  
2860 8.5675  
2861 8.5675  
2862 8.5675  
2863 8.5675  
2864 8.5675  
2865 8.5675  
2866 8.5675  
2867 8.5675  
2868 8.5675  
2869 8.5675  
2870 8.5675  
2871 8.5675  
2872 8.5675  
2873 8.5675  
2874 8.5675  
2875 8.5675  
2876 8.5675  
2877 8.5675  
2878 8.5675  
2879 8.5675  
2880 8.5675  
2881 8.5675  
2882 8.5675  
2883 8.5675  
2884 8.5675  
2885 8.5675  
2886 8.5675  
2887 8.5675  
2888 8.5675  
2889 8.5675  
2890 8.5675  
2891 8.5675  
2892 8.5675  
2893 8.5675  
2894 8.5675  
2895 8.5675  
2896 8.5675  
2897 8.5675  
2898 8.5675  
2899 8.5675  
2900 8.5675  
2901 8.5675  
2902 8.5675  
2903 8.5675  
2904 8.5675  
2905 8.5675  
2906 8.5675  
2907 8.5675  
2908 8.5675  
2909 8.5675  
2910 8.5675  
2911 8.5675  
2912 8.5675  
2913 8.5675  
2914 8.5675  
2915 8.5675  
2916 8.5675  
2917 8.5675  
2918 8.5675  
2919 8.5675  
2920 8.5675  
2921 8.5675  
2922 8.5675  
2923 8.5675  
2924 8.5675  
2925 8.5675  
2926 8.5675  
2927 8.5675  
2928 8.5675  
2929 8.5675  
2930 8.5675  
2931 8.5675  
2932 8.5675  
2933 8.5675  
2934 8.5675  
2935 8.5675  
2936 8.5675  
2937 8.5675  
2938 8.5675  
2939 8.5675  
2940 8.5675  
2941 8.5675  
2942 8.5675  
2943 8.5675  
2944 8.5675  
2945 8.5675  
2946 8.5675  
2947 8.5675  
2948 8.5675  
2949 8.5675  
2950 8.5675  
2951 8.5675  
2952 8.5675  
2953 8.5675  
2954 8.5675  
2955 8.5675  
2956 8.5675  
2957 8.5675  
2958 8.5675  
2959 8.5675  
2960 8.5675  
2961 8.5675  
2962 8.5675  
2963 8.5675  
2964 8.5675  
2965 8.5675  
2966 8.5675  
2967 8.5675  
2968 8.5675  
2969 8.5675  
2970 8.5675  
2971 8.5675  
2972 8.5675  
2973 8.5675  
2974 8.5675  
2975 8.5675  
2976 8.5675  
2977 8.5675  
2978 8.5675  
2979 8.5675  
2980 8.5675  
2981 8.5675  
2982 8.5675  
2983 8.5675  
2984 8.5675  
2985 8.5675  
2986 8.5675  
2987 8.5675  
2988 8.5675  
2989 8.5675  
2990 8.5675  
2991 8.5675  
2992 8.5675  
2993 8.5675  
2994 8.5675  
2995 8.5675  
2996 8.5675  
2997 8.5675  
2998 8.5675  
2999 8.5675  
3000 8.5675  
3001 8.5675  
3002 8.5675  
3003 8.5675  
3004 8.5675  
3005 8.5675  
3006 8.5675  
3007 8.5675  
3008 8.5675  
3009 8.5675  
3010 8.5675  
3011 8.5675  
3012 8.5675  
3013 8.5675  
3014 8.5675  
3015 8.5675  
3016 8.5675  
3017 8.5675  
3018 8.5675  
3019 8.5675  
3020 8.5675  
3021 8.5675  
3022 8.5675  
3023 8.5675  
3024 8.5675  
3025 8.5675  
3026 8.5675  
3027 8.5675  
3028 8.5675  
3029 8.5675  
3030 8.5675  
3031 8.5675  
3032 8.5675  
3033 8.5675  
3034 8.5675  
3035 8.5675  
3036 8.5675  
3037 8.5675  
3038 8.5675  
3039 8.5675  
3040 8.5675  
3041 8.5675  
3042 8.5675  
3043 8.5675  
3044 8.5675  
3045 8.5675  
3046 8.5675  
3047 8.5675  
3048 8.5675  
3049 8.5675  
3050 8.5675  
3051 8.5675  
3052 8.5675  
3053 8.5675  
3054 8.5675  
3055 8.5675  
3056 8.5675  
3057 8.5675  
3058 8.5675  
3059 8.5675  
3060 8.5675  
3061 8.5675  
3062 8.5675  
3063 8.5675  
3064 8.5675  
3065 8.5675  
3066 8.5675  
3067 8.5675  
3068 8.5675  
3069 8.5675  
3070 8.5675  
3071 8.5675  
3072 8.5675  
3073 8.5675  
3074 8.5675  
3075 8.5675  
3076 8.5675  
3077 8.5675  
3078 8.5675  
3079 8.5675  
3080 8.5675  
3081 8.5675  
3082 8.5675  
3083 8.5675  
3084 8.5675  
3085 8.5675  
3086 8.5675  
3087 8.5675  
3088 8.5675  
3089 8.5675  
3090 8.5675  
3091 8.5675  
3092 8.5675  
3093 8.5675  
3094 8.5675  
3095 8.5675  
3096 8.5675  
3097 8.5675  
3098 8.5675  
3099 8.5675  
3100 8.5675  
3101 8.5675  
3102 8.5675  
3103 8.5675  
3104 8.5675  
3105 8.5675  
3106 8.5675  
3107 8.5675  
3108 8.5675  
3109 8.5675  
3110 8.5675  
3111 8.5675  
3112 8.5675  
3113 8.5675  
3114 8.5675  
3115 8.5675  
3116 8.5675  
3117 8.5675  
3118 8.5675  
3119 8.5675  
3120 8.5675  
3121 8.5675  
3122 8.5675  
3123 8.5675  
3124 8.5675  
3125 8.5675  
3126 8.5675  
3127 8.5675  
3128 8.5675  
3129 8.5675  
3130 8.5675  
3131 8.5675  
3132 8.5675  
3133 8.5675  
3134 8.5675  
3135 8.5675  
3136 8.5675  
3137 8.5675  
3138 8.5675  
3139 8.5675  
3140 8.5675  
3141 8.5675  
3142 8.5675  
3143 8.5675  
3144 8.5675  
3145 8.5675  
3146 8.5675  
3147 8.5676  
3148 8.5676  
3149 8.5676  
3150 8.5676  
3151 8.5676  
3152 8.5676  
3153 8.5676  
3154 8.5676  
3155 8.5676  
3156 8.5676  
3157 8.5676  
3158 8.5676  
3159 8.5676  
3160 8.5676  
3161 8.5676  
3162 8.5676  
3163 8.5676  
3164 8.5676  
3165 8.5676  
3166 8.5676  
3167 8.5676  
3168 8.5676  
3169 8.5676  
3170 8.5676  
3171 8.5676  
3172 8.5676  
3173 8.5676  
3174 8.5676  
3175 8.5676  
3176 8.5676  
3177 8.5676  
3178 8.5676  
3179 8.5676  
3180 8.5676  
3181 8.5676  
3182 8.5676  
3183 8.5676  
3184 8.5676  
3185 8.5676  
3186 8.5676  
3187 8.5676  
3188 8.5676  
3189 8.5676  
3190 8.5676  
3191 8.5676  
3192 8.5676  
3193 8.5676  
3194 8.5676  
3195 8.5676  
3196 8.5676  
3197 8.5676  
3198 8.5676  
3199 8.5676  
3200 8.5676  
3201 8.5676  
3202 8.5676  
3203 8.5676  
3204 8.5676  
3205 8.5676  
3206 8.5676  
3207 8.5676  
3208 8.5676  
3209 8.5676  
3210 8.5676  
3211 8.5676  
3212 8.5676  
3213 8.5676  
3214 8.5676  
3215 8.5676  
3216 8.5676  
3217 8.5676  
3218 8.5676  
3219 8.5676  
3220 8.5676  
3221 8.5676  
3222 8.5676  
3223 8.5676  
3224 8.5676  
3225 8.5676  
3226 8.5676  
3227 8.5676  
3228 8.5676  
3229 8.5676  
3230 8.5676  
3231 8.5676  
3232 8.5676  
3233 8.5676  
3234 8.5676  
3235 8.5676  
3236 8.5676  
3237 8.5676  
3238 8.5676  
3239 8.5676  
3240 8.5676  
3241 8.5676  
3242 8.5676  
3243 8.5676  
3244 8.5676  
3245 8.5676  
3246 8.5676  
3247 8.5676  
3248 8.5676  
3249 8.5676  
3250 8.5676  
3251 8.5676  
3252 8.5676  
3253 8.5676  
3254 8.5676  
3255 8.5676  
3256 8.5676  
3257 8.5676  
3258 8.5676  
3259 8.5676  
3260 8.5676  
3261 8.5676  
3262 8.5676  
3263 8.5676  
3264 8.5676  
3265 8.5676  
3266 8.5676  
3267 8.5676  
3268 8.5676  
3269 8.5676  
3270 8.5676  
3271 8.5676  
3272 8.5676  
3273 8.5676  
3274 8.5676  
3275 8.5676  
3276 8.5676  
3277 8.5676  
3278 8.5676  
3279 8.5676  
3280 8.5676  
3281 8.5676  
3282 8.5676  
3283 8.5676  
3284 8.5676  
3285 8.5676  
3286 8.5676  
3287 8.5676  
3288 8.5676  
3289 8.5676  
3290 8.5676  
3291 8.5676  
3292 8.5676  
3293 8.5676  
3294 8.5676  
3295 8.5676  
3296 8.5676  
3297 8.5676  
3298 8.5676  
3299 8.5676  
3300 8.5676  
3301 8.5676  
3302 8.5676  
3303 8.5676  
3304 8.5676  
3305 8.5676  
3306 8.5676  
3307 8.5676  
3308 8.5676  
3309 8.5676  
3310 8.5676  
3311 8.5676  
3312 8.5676  
3313 8.5676  
3314 8.5676  
3315 8.5676  
3316 8.5676  
3317 8.5676  
3318 8.5676  
3319 8.5676  
3320 8.5676  
3321 8.5676  
3322 8.5676  
3323 8.5676  
3324 8.5676  
3325 8.5676  
3326 8.5676  
3327 8.5676  
3328 8.5676  
3329 8.5676  
3330 8.5676  
3331 8.5676  
3332 8.5676  
3333 8.5676  
3334 8.5676  
3335 8.5676  
3336 8.5676  
3337 8.5676  
3338 8.5676  
3339 8.5676  
3340 8.5676  
3341 8.5676  
3342 8.5676  
3343 8.5676  
3344 8.5676  
3345 8.5676  
3346 8.5676  
3347 8.5676  
3348 8.5676  
3349 8.5676  
3350 8.5676  
3351 8.5676  
3352 8.5676  
3353 8.5676  
3354 8.5676  
3355 8.5676  
3356 8.5676  
3357 8.5676  
3358 8.5676  
3359 8.5676  
3360 8.5676  
3361 8.5676  
3362 8.5676  
3363 8.5676  
3364 8.5676  
3365 8.5676  
3366 8.5676  
3367 8.5676  
3368 8.5676  
3369 8.5676  
3370 8.5676  
3371 8.5676  
3372 8.5676  
3373 8.5676  
3374 8.5676  
3375 8.5676  
3376 8.5676  
3377 8.5676  
3378 8.5676  
3379 8.5676  
3380 8.5676  
3381 8.5676  
3382 8.5676  
3383 8.5676  
3384 8.5676  
3385 8.5676  
3386 8.5676  
3387 8.5676  
3388 8.5676  
3389 8.5676  
3390 8.5676  
3391 8.5676  
3392 8.5676  
3393 8.5676  
3394 8.5676  
3395 8.5676  
3396 8.5676  
3397 8.5676  
3398 8.5676  
3399 8.5676  
3400 8.5676  
3401 8.5676  
3402 8.5676  
3403 8.5676  
3404 8.5676  
3405 8.5676  
3406 8.5676  
3407 8.5676  
3408 8.5676  
3409 8.5676  
3410 8.5676  
3411 8.5676  
3412 8.5676  
3413 8.5676  
3414 8.5676  
3415 8.5676  
3416 8.5676  
3417 8.5676  
3418 8.5676  
3419 8.5676  
3420 8.5676  
3421 8.5676  
3422 8.5676  
3423 8.5676  
3424 8.5676  
3425 8.5676  
3426 8.5676  
3427 8.5676  
3428 8.5676  
3429 8.5676  
3430 8.5676  
3431 8.5676  
3432 8.5676  
3433 8.5676  
3434 8.5676  
3435 8.5676  
3436 8.5676  
3437 8.5676  
3438 8.5676  
3439 8.5676  
3440 8.5676  
3441 8.5676  
3442 8.5676  
3443 8.5676  
3444 8.5676  
3445 8.5676  
3446 8.5676  
3447 8.5676  
3448 8.5676  
3449 8.5676  
3450 8.5676  
3451 8.5676  
3452 8.5676  
3453 8.5676  
3454 8.5676  
3455 8.5676  
3456 8.5676  
3457 8.5676  
3458 8.5676  
3459 8.5676  
3460 8.5676  
3461 8.5676  
3462 8.5676  
3463 8.5676  
3464 8.5676  
3465 8.5676  
3466 8.5676  
3467 8.5676  
3468 8.5676  
3469 8.5676  
3470 8.5676  
3471 8.5676  
3472 8.5676  
3473 8.5676  
3474 8.5676  
3475 8.5676  
3476 8.5676  
3477 8.5676  
3478 8.5676  
3479 8.5676  
3480 8.5676  
3481 8.5676  
3482 8.5676  
3483 8.5676  
3484 8.5676  
3485 8.5676  
3486 8.5676  
3487 8.5676  
3488 8.5676  
3489 8.5676  
3490 8.5676  
3491 8.5676  
3492 8.5676  
3493 8.5676  
3494 8.5676  
3495 8.5676  
3496 8.5676  
3497 8.5676  
3498 8.5676  
3499 8.5676  
3500 8.5676  
3501 8.5676  
3502 8.5676  
3503 8.5676  
3504 8.5676  
3505 8.5676  
3506 8.5676  
3507 8.5676  
3508 8.5676  
3509 8.5676  
3510 8.5676  
3511 8.5676  
3512 8.5676  
3513 8.5676  
3514 8.5676  
3515 8.5676  
3516 8.5676  
3517 8.5676  
3518 8.5676  
3519 8.5676  
3520 8.5676  
3521 8.5676  
3522 8.5676  
3523 8.5676  
3524 8.5676  
3525 8.5676  
3526 8.5676  
3527 8.5676  
3528 8.5676  
3529 8.5676  
3530 8.5676  
3531 8.5676  
3532 8.5676  
3533 8.5676  
3534 8.5676  
3535 8.5676  
3536 8.5676  
3537 8.5676  
3538 8.5676  
3539 8.5676  
3540 8.5676  
3541 8.5676  
3542 8.5676  
3543 8.5676  
3544 8.5676  
3545 8.5676  
3546 8.5676  
3547 8.5676  
3548 8.5676  
3549 8.5676  
3550 8.5676  
3551 8.5676  
3552 8.5676  
3553 8.5676  
3554 8.5676  
3555 8.5676  
3556 8.5676  
3557 8.5676  
3558 8.5676  
3559 8.5676  
3560 8.5676  
3561 8.5676  
3562 8.5676  
3563 8.5676  
3564 8.5676  
3565 8.5676  
3566 8.5676  
3567 8.5676  
3568 8.5676  
3569 8.5676  
3570 8.5676  
3571 8.5676  
3572 8.5676  
3573 8.5676  
3574 8.5676  
3575 8.5676  
3576 8.5676  
3577 8.5676  
3578 8.5676  
3579 8.5676  
3580 8.5676  
3581 8.5676  
3582 8.5676  
3583 8.5676  
3584 8.5676  
3585 8.5676  
3586 8.5676  
3587 8.5676  
3588 8.5676  
3589 8.5676  
3590 8.5676  
3591 8.5676  
3592 8.5676  
3593 8.5676  
3594 8.5676  
3595 8.5676  
3596 8.5676  
3597 8.5676  
3598 8.5676  
3599 8.5676  
3600 8.5676  
3601 8.5676  
3602 8.5676  
3603 8.5676  
3604 8.5676  
3605 8.5676  
3606 8.5676  
3607 8.5676  
3608 8.5676  
3609 8.5676  
3610 8.5676  
3611 8.5676  
3612 8.5676  
3613 8.5676  
3614 8.5676  
3615 8.5676  
3616 8.5676  
3617 8.5676  
3618 8.5676  
3619 8.5676  
3620 8.5676  
3621 8.5676  
3622 8.5676  
3623 8.5676  
3624 8.5676  
3625 8.5676  
3626 8.5676  
3627 8.5676  
3628 8.5676  
3629 8.5676  
3630 8.5676  
3631 8.5676  
3632 8.5676  
3633 8.5676  
3634 8.5676  
3635 8.5676  
3636 8.5676  
3637 8.5676  
3638 8.5676  
3639 8.5676  
3640 8.5676  
3641 8.5676  
3642 8.5676  
3643 8.5676  
3644 8.5676  
3645 8.5676  
3646 8.5676  
3647 8.5676  
3648 8.5676  
3649 8.5676  
3650 8.5676  
3651 8.5676  
3652 8.5676  
3653 8.5676  
3654 8.5676  
3655 8.5676  
3656 8.5676  
3657 8.5676  
3658 8.5676  
3659 8.5676  
3660 8.5676  
3661 8.5676  
3662 8.5676  
3663 8.5676  
3664 8.5676  
3665 8.5676  
3666 8.5676  
3667 8.5676  
3668 8.5676  
3669 8.5676  
3670 8.5676  
3671 8.5676  
3672 8.5676  
3673 8.5676  
3674 8.5676  
3675 8.5676  
3676 8.5676  
3677 8.5676  
3678 8.5676  
3679 8.5676  
3680 8.5676  
3681 8.5676  
3682 8.5676  
3683 8.5676  
3684 8.5676  
3685 8.5676  
3686 8.5676  
3687 8.5676  
3688 8.5676  
3689 8.5676  
3690 8.5676  
3691 8.5676  
3692 8.5676  
3693 8.5676  
3694 8.5676  
3695 8.5676  
3696 8.5676  
3697 8.5676  
3698 8.5676  
3699 8.5676  
3700 8.5676  
3701 8.5676  
3702 8.5676  
3703 8.5676  
3704 8.5676  
3705 8.5676  
3706 8.5676  
3707 8.5676  
3708 8.5676  
3709 8.5676  
3710 8.5676  
3711 8.5676  
3712 8.5676  
3713 8.5676  
3714 8.5676  
3715 8.5676  
3716 8.5676  
3717 8.5676  
3718 8.5676  
3719 8.5676  
3720 8.5676  
3721 8.5676  
3722 8.5676  
3723 8.5676  
3724 8.5676  
3725 8.5676  
3726 8.5676  
3727 8.5676  
3728 8.5676  
3729 8.5676  
3730 8.5676  
3731 8.5676  
3732 8.5676  
3733 8.5676  
3734 8.5676  
3735 8.5676  
3736 8.5676  
3737 8.5676  
3738 8.5676  
3739 8.5676  
3740 8.5676  
3741 8.5676  
3742 8.5676  
3743 8.5676  
3744 8.5676  
3745 8.5676  
3746 8.5676  
3747 8.5676  
3748 8.5676  
3749 8.5676  
3750 8.5676  
3751 8.5676  
3752 8.5676  
3753 8.5676  
3754 8.5676  
3755 8.5676  
3756 8.5676  
3757 8.5676  
3758 8.5676  
3759 8.5676  
3760 8.5676  
3761 8.5676  
3762 8.5676  
3763 8.5676  
3764 8.5676  
3765 8.5676  
3766 8.5676  
3767 8.5676  
3768 8.5676  
3769 8.5676  
3770 8.5676  
3771 8.5676  
3772 8.5676  
3773 8.5676  
3774 8.5676  
3775 8.5676  
3776 8.5676  
3777 8.5676  
3778 8.5676  
3779 8.5676  
3780 8.5676  
3781 8.5676  
3782 8.5676  
3783 8.5676  
3784 8.5676  
3785 8.5676  
3786 8.5676  
3787 8.5676  
3788 8.5676  
3789 8.5676  
3790 8.5676  
3791 8.5676  
3792 8.5676  
3793 8.5676  
3794 8.5676  
3795 8.5676  
3796 8.5676  
3797 8.5676  
3798 8.5676  
3799 8.5676  
3800 8.5676  
3801 8.5676  
3802 8.5676  
3803 8.5676  
3804 8.5676  
3805 8.5676  
3806 8.5676  
3807 8.5676  
3808 8.5676  
3809 8.5676  
3810 8.5676  
3811 8.5676  
3812 8.5676  
3813 8.5676  
3814 8.5676  
3815 8.5676  
3816 8.5676  
3817 8.5676  
3818 8.5676  
3819 8.5676  
3820 8.5676  
3821 8.5676  
3822 8.5676  
3823 8.5676  
3824 8.5676  
3825 8.5676  
3826 8.5676  
3827 8.5676  
3828 8.5676  
3829 8.5676  
3830 8.5676  
3831 8.5676  
3832 8.5676  
3833 8.5676  
3834 8.5676  
3835 8.5676  
3836 8.5676  
3837 8.5676  
3838 8.5676  
3839 8.5676  
3840 8.5676  
3841 8.5676  
3842 8.5676  
3843 8.5676  
3844 8.5676  
3845 8.5676  
3846 8.5676  
3847 8.5676  
3848 8.5676  
3849 8.5676  
3850 8.5676  
3851 8.5676  
3852 8.5676  
3853 8.5676  
3854 8.5676  
3855 8.5676  
3856 8.5676  
3857 8.5676  
3858 8.5676  
3859 8.5676  
3860 8.5676  
3861 8.5676  
3862 8.5676  
3863 8.5676  
3864 8.5676  
3865 8.5676  
3866 8.5676  
3867 8.5676  
3868 8.5676  
3869 8.5676  
3870 8.5676  
3871 8.5676  
3872 8.5676  
3873 8.5676  
3874 8.5676  
3875 8.5676  
3876 8.5676  
3877 8.5676  
3878 8.5676  
3879 8.5676  
3880 8.5676  
3881 8.5676  
3882 8.5676  
3883 8.5676  
3884 8.5676  
3885 8.5676  
3886 8.5676  
3887 8.5676  
3888 8.5676  
3889 8.5676  
3890 8.5676  
3891 8.5676  
3892 8.5676  
3893 8.5676  
3894 8.5676  
3895 8.5676  
3896 8.5676  
3897 8.5676  
3898 8.5676  
3899 8.5676  
3900 8.5676  
3901 8.5676  
3902 8.5676  
3903 8.5676  
3904 8.5676  
3905 8.5676  
3906 8.5676  
3907 8.5676  
3908 8.5676  
3909 8.5676  
3910 8.5676  
3911 8.5676  
3912 8.5676  
3913 8.5676  
3914 8.5676  
3915 8.5676  
3916 8.5676  
3917 8.5676  
3918 8.5676  
3919 8.5676  
3920 8.5676  
3921 8.5676  
3922 8.5676  
3923 8.5676  
3924 8.5676  
3925 8.5676  
3926 8.5676  
3927 8.5676  
3928 8.5676  
3929 8.5676  
3930 8.5676  
3931 8.5676  
3932 8.5676  
3933 8.5676  
3934 8.5676  
3935 8.5676  
3936 8.5676  
3937 8.5676  
3938 8.5676  
3939 8.5676  
3940 8.5676  
3941 8.5676  
3942 8.5676  
3943 8.5676  
3944 8.5676  
3945 8.5676  
3946 8.5676  
3947 8.5676  
3948 8.5676  
3949 8.5676  
3950 8.5676  
3951 8.5676  
3952 8.5676  
3953 8.5676  
3954 8.5676  
3955 8.5676  
3956 8.5676  
3957 8.5676  
3958 8.5676  
3959 8.5676  
3960 8.5676  
3961 8.5676  
3962 8.5676  
3963 8.5676  
3964 8.5676  
3965 8.5676  
3966 8.5676  
3967 8.5676  
3968 8.5676  
3969 8.5676  
3970 8.5676  
3971 8.5676  
3972 8.5676  
3973 8.5676  
3974 8.5676  
3975 8.5676  
3976 8.5676  
3977 8.5676  
3978 8.5676  
3979 8.5676  
3980 8.5676  
3981 8.5676  
3982 8.5676  
3983 8.5676  
3984 8.5676  
3985 8.5676  
3986 8.5676  
3987 8.5676  
3988 8.5676  
3989 8.5676  
3990 8.5676  
3991 8.5676  
3992 8.5676  
3993 8.5676  
3994 8.5676  
3995 8.5676  
3996 8.5676  
3997 8.5676  
3998 8.5676  
3999 8.5676  
4000 8.5676  
4001 8.5676  
4002 8.5676  
4003 8.5676  
4004 8.5676  
4005 8.5676  
4006 8.5676  
4007 8.5676  
4008 8.5676  
4009 8.5676  
4010 8.5676  
4011 8.5676  
4012 8.5676  
4013 8.5676  
4014 8.5676  
4015 8.5676  
4016 8.5676  
4017 8.5676  
4018 8.5676  
4019 8.5676  
4020 8.5676  
4021 8.5676  
4022 8.5676  
4023 8.5676  
4024 8.5676  
4025 8.5676  
4026 8.5676  
4027 8.5676  
4028 8.5676  
4029 8.5676  
4030 8.5676  
4031 8.5676  
4032 8.5676  
4033 8.5676  
4034 8.5676  
4035 8.5676  
4036 8.5676  
4037 8.5676  
4038 8.5676  
4039 8.5676  
4040 8.5676  
4041 8.5676  
4042 8.5676  
4043 8.5676  
4044 8.5676  
4045 8.5676  
4046 8.5676  
4047 8.5676  
4048 8.5676  
4049 8.5676  
4050 8.5676  
4051 8.5676  
4052 8.5676  
4053 8.5676  
4054 8.5676  
4055 8.5676  
4056 8.5676  
4057 8.5676  
4058 8.5676  
4059 8.5676  
4060 8.5676  
4061 8.5676  
4062 8.5676  
4063 8.5676  
4064 8.5676  
4065 8.5676  
4066 8.5676  
4067 8.5676  
4068 8.5676  
4069 8.5676  
4070 8.5676  
4071 8.5676  
4072 8.5676  
4073 8.5676  
4074 8.5676  
4075 8.5676  
4076 8.5676  
4077 8.5676  
4078 8.5676  
4079 8.5676  
4080 8.5676  
4081 8.5676  
4082 8.5676  
4083 8.5676  
4084 8.5676  
4085 8.5676  
4086 8.5676  
4087 8.5676  
4088 8.5676  
4089 8.5676  
4090 8.5676  
4091 8.5676  
4092 8.5676  
4093 8.5676  
4094 8.5676  
4095 8.5676  
4096 8.5676  
4097 8.5676  
4098 8.5676  
4099 8.5676  
4100 8.5676  
4101 8.5676  
4102 8.5676  
4103 8.5676  
4104 8.5676  
4105 8.5676  
4106 8.5676  
4107 8.5676  
4108 8.5676  
4109 8.5676  
4110 8.5676  
4111 8.5676  
4112 8.5676  
4113 8.5676  
4114 8.5676  
4115 8.5676  
4116 8.5676  
4117 8.5676  
4118 8.5676  
4119 8.5676  
4120 8.5676  
4121 8.5676  
4122 8.5676  
4123 8.5676  
4124 8.5676  
4125 8.5676  
4126 8.5676  
4127 8.5676  
4128 8.5676  
4129 8.5676  
4130 8.5676  
4131 8.5676  
4132 8.5676  
4133 8.5676  
4134 8.5676  
4135 8.5676  
4136 8.5676  
4137 8.5676  
4138 8.5676  
4139 8.5676  
4140 8.5676  
4141 8.5676  
4142 8.5676  
4143 8.5676  
4144 8.5676  
4145 8.5676  
4146 8.5676  
4147 8.5676  
4148 8.5676  
4149 8.5676  
4150 8.5676  
4151 8.5676  
4152 8.5676  
4153 8.5676  
4154 8.5676  
4155 8.5676  
4156 8.5676  
4157 8.5676  
4158 8.5676  
4159 8.5676  
4160 8.5676  
4161 8.5676  
4162 8.5676  
4163 8.5676  
4164 8.5676  
4165 8.5676  
4166 8.5676  
4167 8.5676  
4168 8.5676  
4169 8.5676  
4170 8.5676  
4171 8.5676  
4172 8.5676  
4173 8.5676  
4174 8.5676  
4175 8.5676  
4176 8.5676  
4177 8.5676  
4178 8.5676  
4179 8.5676  
4180 8.5676  
4181 8.5676  
4182 8.5676  
4183 8.5676  
4184 8.5676  
4185 8.5676  
4186 8.5676  
4187 8.5676  
4188 8.5676  
4189 8.5676  
4190 8.5676  
4191 8.5676  
4192 8.5676  
4193 8.5676  
4194 8.5676  
4195 8.5676  
4196 8.5676  
4197 8.5676  
4198 8.5676  
4199 8.5676  
4200 8.5676  
4201 8.5676  
4202 8.5676  
4203 8.5676  
4204 8.5676  
4205 8.5676  
4206 8.5676  
4207 8.5676  
4208 8.5676  
4209 8.5676  
4210 8.5676  
4211 8.5676  
4212 8.5676  
4213 8.5676  
4214 8.5676  
4215 8.5676  
4216 8.5676  
4217 8.5676  
4218 8.5676  
4219 8.5676  
4220 8.5676  
4221 8.5676  
4222 8.5676  
4223 8.5676  
4224 8.5676  
4225 8.5677  
4226 8.5677  
4227 8.5677  
4228 8.5677  
4229 8.5677  
4230 8.5677  
4231 8.5677  
4232 8.5677  
4233 8.5677  
4234 8.5677  
4235 8.5677  
4236 8.5677  
4237 8.5677  
4238 8.5677  
4239 8.5677  
4240 8.5677  
4241 8.5677  
4242 8.5677  
4243 8.5677  
4244 8.5677  
4245 8.5677  
4246 8.5677  
4247 8.5677  
4248 8.5677  
4249 8.5677  
4250 8.5677  
4251 8.5677  
4252 8.5677  
4253 8.5677  
4254 8.5677  
4255 8.5677  
4256 8.5677  
4257 8.5677  
4258 8.5677  
4259 8.5677  
4260 8.5677  
4261 8.5677  
4262 8.5677  
4263 8.5677  
4264 8.5677  
4265 8.5677  
4266 8.5677  
4267 8.5677  
4268 8.5677  
4269 8.5677  
4270 8.5677  
4271 8.5677  
4272 8.5677  
4273 8.5677  
4274 8.5677  
4275 8.5677  
4276 8.5677  
4277 8.5677  
4278 8.5677  
4279 8.5677  
4280 8.5677  
4281 8.5677  
4282 8.5677  
4283 8.5677  
4284 8.5677  
4285 8.5677  
4286 8.5677  
4287 8.5677  
4288 8.5677  
4289 8.5677  
4290 8.5677  
4291 8.5677  
4292 8.5677  
4293 8.5677  
4294 8.5677  
4295 8.5677  
4296 8.5677  
4297 8.5677  
4298 8.5677  
4299 8.5677  
4300 8.5677  
4301 8.5677  
4302 8.5677  
4303 8.5677  
4304 8.5677  
4305 8.5677  
4306 8.5677  
4307 8.5677  
4308 8.5677  
4309 8.5677  
4310 8.5677  
4311 8.5677  
4312 8.5677  
4313 8.5677  
4314 8.5677  
4315 8.5677  
4316 8.5677  
4317 8.5677  
4318 8.5677  
4319 8.5677  
4320 8.5677  
4321 8.5677  
4322 8.5677  
4323 8.5677  
4324 8.5677  
4325 8.5677  
4326 8.5677  
4327 8.5677  
4328 8.5677  
4329 8.5677  
4330 8.5677  
4331 8.5677  
4332 8.5677  
4333 8.5677  
4334 8.5677  
4335 8.5677  
4336 8.5677  
4337 8.5677  
4338 8.5677  
4339 8.5677  
4340 8.5677  
4341 8.5677  
4342 8.5677  
4343 8.5677  
4344 8.5677  
4345 8.5677  
4346 8.5677  
4347 8.5677  
4348 8.5677  
4349 8.5677  
4350 8.5677  
4351 8.5677  
4352 8.5677  
4353 8.5677  
4354 8.5677  
4355 8.5677  
4356 8.5677  
4357 8.5677  
4358 8.5677  
4359 8.5677  
4360 8.5677  
4361 8.5677  
4362 8.5677  
4363 8.5677  
4364 8.5677  
4365 8.5677  
4366 8.5677  
4367 8.5677  
4368 8.5677  
4369 8.5677  
4370 8.5677  
4371 8.5677  
4372 8.5677  
4373 8.5677  
4374 8.5677  
4375 8.5677  
4376 8.5677  
4377 8.5677  
4378 8.5677  
4379 8.5677  
4380 8.5677  
4381 8.5677  
4382 8.5677  
4383 8.5677  
4384 8.5677  
4385 8.5677  
4386 8.5677  
4387 8.5677  
4388 8.5677  
4389 8.5677  
4390 8.5677  
4391 8.5677  
4392 8.5677  
4393 8.5677  
4394 8.5677  
4395 8.5677  
4396 8.5677  
4397 8.5677  
4398 8.5677  
4399 8.5677  
4400 8.5677  
4401 8.5677  
4402 8.5677  
4403 8.5677  
4404 8.5677  
4405 8.5677  
4406 8.5677  
4407 8.5677  
4408 8.5677  
4409 8.5677  
4410 8.5677  
4411 8.5677  
4412 8.5677  
4413 8.5677  
4414 8.5677  
4415 8.5677  
4416 8.5677  
4417 8.5677  
4418 8.5677  
4419 8.5677  
4420 8.5677  
4421 8.5677  
4422 8.5677  
4423 8.5677  
4424 8.5677  
4425 8.5677  
4426 8.5677  
4427 8.5677  
4428 8.5677  
4429 8.5677  
4430 8.5677  
4431 8.5677  
4432 8.5677  
4433 8.5677  
4434 8.5677  
4435 8.5677  
4436 8.5677  
4437 8.5677  
4438 8.5677  
4439 8.5677  
4440 8.5677  
4441 8.5677  
4442 8.5677  
4443 8.5677  
4444 8.5677  
4445 8.5677  
4446 8.5677  
4447 8.5677  
4448 8.5677  
4449 8.5677  
4450 8.5677  
4451 8.5677  
4452 8.5677  
4453 8.5677  
4454 8.5677  
4455 8.5677  
4456 8.5677  
4457 8.5677  
4458 8.5677  
4459 8.5677  
4460 8.5677  
4461 8.5677  
4462 8.5677  
4463 8.5677  
4464 8.5677  
4465 8.5677  
4466 8.5677  
4467 8.5677  
4468 8.5677  
4469 8.5677  
4470 8.5677  
4471 8.5677  
4472 8.5677  
4473 8.5677  
4474 8.5677  
4475 8.5677  
4476 8.5677  
4477 8.5677  
4478 8.5677  
4479 8.5677  
4480 8.5677  
4481 8.5677  
4482 8.5677  
4483 8.5677  
4484 8.5677  
4485 8.5677  
4486 8.5677  
4487 8.5677  
4488 8.5677  
4489 8.5677  
4490 8.5677  
4491 8.5677  
4492 8.5677  
4493 8.5677  
4494 8.5677  
4495 8.5677  
4496 8.5677  
4497 8.5677  
4498 8.5677  
4499 8.5677  
4500 8.5677  
4501 8.5677  
4502 8.5677  
4503 8.5677  
4504 8.5677  
4505 8.5677  
4506 8.5677  
4507 8.5677  
4508 8.5677  
4509 8.5677  
4510 8.5677  
4511 8.5677  
4512 8.5677  
4513 8.5677  
4514 8.5677  
4515 8.5677  
4516 8.5677  
4517 8.5677  
4518 8.5677  
4519 8.5677  
4520 8.5677  
4521 8.5677  
4522 8.5677  
4523 8.5677  
4524 8.5677  
4525 8.5677  
4526 8.5677  
4527 8.5677  
4528 8.5677  
4529 8.5677  
4530 8.5677  
4531 8.5677  
4532 8.5677  
4533 8.5677  
4534 8.5677  
4535 8.5677  
4536 8.5677  
4537 8.5677  
4538 8.5677  
4539 8.5677  
4540 8.5677  
4541 8.5677  
4542 8.5677  
4543 8.5677  
4544 8.5677  
4545 8.5677  
4546 8.5677  
4547 8.5677  
4548 8.5677  
4549 8.5677  
4550 8.5677  
4551 8.5677  
4552 8.5677  
4553 8.5677  
4554 8.5677  
4555 8.5677  
4556 8.5677  
4557 8.5677  
4558 8.5677  
4559 8.5677  
4560 8.5677  
4561 8.5677  
4562 8.5677  
4563 8.5677  
4564 8.5677  
4565 8.5677  
4566 8.5677  
4567 8.5677  
4568 8.5677  
4569 8.5677  
4570 8.5677  
4571 8.5677  
4572 8.5677  
4573 8.5677  
4574 8.5677  
4575 8.5677  
4576 8.5677  
4577 8.5677  
4578 8.5677  
4579 8.5677  
4580 8.5677  
4581 8.5677  
4582 8.5677  
4583 8.5677  
4584 8.5677  
4585 8.5677  
4586 8.5677  
4587 8.5677  
4588 8.5677  
4589 8.5677  
4590 8.5677  
4591 8.5677  
4592 8.5677  
4593 8.5677  
4594 8.5677  
4595 8.5677  
4596 8.5677  
4597 8.5677  
4598 8.5677  
4599 8.5677  
4600 8.5677  
4601 8.5677  
4602 8.5677  
4603 8.5677  
4604 8.5677  
4605 8.5677  
4606 8.5677  
4607 8.5677  
4608 8.5677  
4609 8.5677  
4610 8.5677  
4611 8.5677  
4612 8.5677  
4613 8.5677  
4614 8.5677  
4615 8.5677  
4616 8.5677  
4617 8.5677  
4618 8.5677  
4619 8.5677  
4620 8.5677  
4621 8.5677  
4622 8.5677  
4623 8.5677  
4624 8.5677  
4625 8.5677  
4626 8.5677  
4627 8.5677  
4628 8.5677  
4629 8.5677  
4630 8.5677  
4631 8.5677  
4632 8.5677  
4633 8.5677  
4634 8.5677  
4635 8.5677  
4636 8.5677  
4637 8.5677  
4638 8.5677  
4639 8.5677  
4640 8.5677  
4641 8.5677  
4642 8.5677  
4643 8.5677  
4644 8.5677  
4645 8.5677  
4646 8.5677  
4647 8.5677  
4648 8.5677  
4649 8.5677  
4650 8.5677  
4651 8.5677  
4652 8.5677  
4653 8.5677  
4654 8.5677  
4655 8.5677  
4656 8.5677  
4657 8.5677  
4658 8.5677  
4659 8.5677  
4660 8.5677  
4661 8.5677  
4662 8.5677  
4663 8.5677  
4664 8.5677  
4665 8.5677  
4666 8.5677  
4667 8.5677  
4668 8.5677  
4669 8.5677  
4670 8.5677  
4671 8.5677  
4672 8.5677  
4673 8.5677  
4674 8.5677  
4675 8.5677  
4676 8.5677  
4677 8.5677  
4678 8.5677  
4679 8.5677  
4680 8.5677  
4681 8.5677  
4682 8.5677  
4683 8.5677  
4684 8.5677  
4685 8.5677  
4686 8.5677  
4687 8.5677  
4688 8.5677  
4689 8.5677  
4690 8.5677  
4691 8.5677  
4692 8.5677  
4693 8.5677  
4694 8.5677  
4695 8.5677  
4696 8.5677  
4697 8.5677  
4698 8.5677  
4699 8.5677  
4700 8.5677  
4701 8.5677  
4702 8.5677  
4703 8.5677  
4704 8.5677  
4705 8.5677  
4706 8.5677  
4707 8.5677  
4708 8.5677  
4709 8.5677  
4710 8.5677  
4711 8.5677  
4712 8.5677  
4713 8.5677  
4714 8.5677  
4715 8.5677  
4716 8.5677  
4717 8.5677  
4718 8.5677  
4719 8.5677  
4720 8.5677  
4721 8.5677  
4722 8.5677  
4723 8.5677  
4724 8.5677  
4725 8.5677  
4726 8.5677  
4727 8.5677  
4728 8.5677  
4729 8.5677  
4730 8.5677  
4731 8.5677  
4732 8.5677  
4733 8.5677  
4734 8.5677  
4735 8.5677  
4736 8.5677  
4737 8.5677  
4738 8.5677  
4739 8.5677  
4740 8.5677  
4741 8.5677  
4742 8.5677  
4743 8.5677  
4744 8.5677  
4745 8.5677  
4746 8.5677  
4747 8.5677  
4748 8.5677  
4749 8.5677  
4750 8.5677  
4751 8.5677  
4752 8.5677  
4753 8.5677  
4754 8.5677  
4755 8.5677  
4756 8.5677  
4757 8.5677  
4758 8.5677  
4759 8.5677  
4760 8.5677  
4761 8.5677  
4762 8.5677  
4763 8.5677  
4764 8.5677  
4765 8.5677  
4766 8.5677  
4767 8.5677  
4768 8.5677  
4769 8.5677  
4770 8.5677  
4771 8.5677  
4772 8.5677  
4773 8.5677  
4774 8.5677  
4775 8.5677  
4776 8.5677  
4777 8.5677  
4778 8.5677  
4779 8.5677  
4780 8.5677  
4781 8.5677  
4782 8.5677  
4783 8.5677  
4784 8.5677  
4785 8.5677  
4786 8.5677  
4787 8.5677  
4788 8.5677  
4789 8.5677  
4790 8.5677  
4791 8.5677  
4792 8.5677  
4793 8.5677  
4794 8.5677  
4795 8.5677  
4796 8.5677  
4797 8.5677  
4798 8.5677  
4799 8.5677  
4800 8.5677  
4801 8.5677  
4802 8.5677  
4803 8.5677  
4804 8.5677  
4805 8.5677  
4806 8.5677  
4807 8.5677  
4808 8.5677  
4809 8.5677  
4810 8.5677  
4811 8.5677  
4812 8.5677  
4813 8.5677  
4814 8.5677  
4815 8.5677  
4816 8.5677  
4817 8.5677  
4818 8.5677  
4819 8.5677  
4820 8.5677  
4821 8.5677  
4822 8.5677  
4823 8.5677  
4824 8.5677  
4825 8.5677  
4826 8.5677  
4827 8.5677  
4828 8.5677  
4829 8.5677  
4830 8.5677  
4831 8.5677  
4832 8.5677  
4833 8.5677  
4834 8.5677  
4835 8.5677  
4836 8.5677  
4837 8.5677  
4838 8.5677  
4839 8.5677  
4840 8.5677  
4841 8.5677  
4842 8.5677  
4843 8.5677  
4844 8.5677  
4845 8.5677  
4846 8.5677  
4847 8.5677  
4848 8.5677  
4849 8.5677  
4850 8.5677  
4851 8.5677  
4852 8.5677  
4853 8.5677  
4854 8.5677  
4855 8.5677  
4856 8.5677  
4857 8.5677  
4858 8.5677  
4859 8.5677  
4860 8.5677  
4861 8.5677  
4862 8.5677  
4863 8.5677  
4864 8.5677  
4865 8.5677  
4866 8.5677  
4867 8.5677  
4868 8.5677  
4869 8.5677  
4870 8.5677  
4871 8.5677  
4872 8.5677  
4873 8.5677  
4874 8.5677  
4875 8.5677  
4876 8.5677  
4877 8.5677  
4878 8.5677  
4879 8.5677  
4880 8.5677  
4881 8.5677  
4882 8.5677  
4883 8.5677  
4884 8.5677  
4885 8.5677  
4886 8.5677  
4887 8.5677  
4888 8.5677  
4889 8.5677  
4890 8.5677  
4891 8.5677  
4892 8.5677  
4893 8.5677  
4894 8.5677  
4895 8.5677  
4896 8.5677  
4897 8.5677  
4898 8.5677  
4899 8.5677  
4900 8.5677  
4901 8.5677  
4902 8.5677  
4903 8.5677  
4904 8.5677  
4905 8.5677  
4906 8.5677  
4907 8.5677  
4908 8.5677  
4909 8.5677  
4910 8.5677  
4911 8.5677  
4912 8.5677  
4913 8.5677  
4914 8.5677  
4915 8.5677  
4916 8.5677  
4917 8.5677  
4918 8.5677  
4919 8.5677  
4920 8.5677  
4921 8.5677  
4922 8.5677  
4923 8.5677  
4924 8.5677  
4925 8.5677  
4926 8.5677  
4927 8.5677  
4928 8.5677  
4929 8.5677  
4930 8.5677  
4931 8.5677  
4932 8.5677  
4933 8.5677  
4934 8.5677  
4935 8.5677  
4936 8.5677  
4937 8.5677  
4938 8.5677  
4939 8.5677  
4940 8.5677  
4941 8.5677  
4942 8.5677  
4943 8.5677  
4944 8.5677  
4945 8.5677  
4946 8.5677  
4947 8.5677  
4948 8.5677  
4949 8.5677  
4950 8.5677  
4951 8.5677  
4952 8.5677  
4953 8.5677  
4954 8.5677  
4955 8.5677  
4956 8.5677  
4957 8.5677  
4958 8.5677  
4959 8.5677  
4960 8.5677  
4961 8.5677  
4962 8.5677  
4963 8.5677  
4964 8.5677  
4965 8.5677  
4966 8.5677  
4967 8.5677  
4968 8.5677  
4969 8.5677  
4970 8.5677  
4971 8.5677  
4972 8.5677  
4973 8.5677  
4974 8.5677  
4975 8.5677  
4976 8.5677  
4977 8.5677  
4978 8.5677  
4979 8.5677  
4980 8.5677  
4981 8.5677  
4982 8.5677  
4983 8.5677  
4984 8.5677  
4985 8.5677  
4986 8.5677  
4987 8.5677  
4988 8.5677  
4989 8.5677  
4990 8.5677  
4991 8.5677  
4992 8.5677  
4993 8.5677  
4994 8.5677  
4995 8.5677  
4996 8.5677  
4997 8.5677  
4998 8.5677  
4999 8.5677  
5000 8.5677  
